#chunkId,viewpointId,tileId,qualityId,distortion,bitrate
0,0,0,0,2.993,3.874032
0,0,0,1,2.315,4.886216
0,0,0,2,1.542,8.75564
0,1,0,0,2.993,3.249928
0,1,0,1,2.315,4.16632
0,1,0,2,1.542,6.693696
0,2,0,0,2.993,3.113784
0,2,0,1,2.315,3.904352
0,2,0,2,1.542,6.113248
1,0,0,0,1.335,7.049184
1,0,0,1,1.163,9.96668
1,0,0,2,0.959,15.224496
1,1,0,0,1.335,6.353096
1,1,0,1,1.163,8.658088
1,1,0,2,0.959,12.9518
1,2,0,0,1.335,6.179144
1,2,0,1,1.163,8.298056
1,2,0,2,0.959,12.141056
2,0,0,0,1.352,6.399296
2,0,0,1,1.114,10.83048
2,0,0,2,0.885,18.30172
2,1,0,0,1.352,6.391472
2,1,0,1,1.114,9.773744
2,1,0,2,0.885,15.590544
2,2,0,0,1.352,6.620224
2,2,0,1,1.114,9.937392
2,2,0,2,0.885,15.084784
3,0,0,0,1.489,4.957096
3,0,0,1,1.179,9.14708
3,0,0,2,0.871,18.344432
3,1,0,0,1.489,5.80732
3,1,0,1,1.179,9.82652
3,1,0,2,0.871,16.925552
3,2,0,0,1.489,5.835424
3,2,0,1,1.179,9.805096
3,2,0,2,0.871,16.285696
4,0,0,0,1.505,5.3
4,0,0,1,1.238,8.251928
4,0,0,2,0.875,18.777728
4,1,0,0,1.505,4.978608
4,1,0,1,1.238,9.311568
4,1,0,2,0.875,17.918304
4,2,0,0,1.505,5.031776
4,2,0,1,1.238,9.303512
4,2,0,2,0.875,16.990944
5,0,0,0,1.484,5.197048
5,0,0,1,1.275,7.584448
5,0,0,2,0.89,17.571952
5,1,0,0,1.484,4.799552
5,1,0,1,1.275,8.28584
5,1,0,2,0.89,17.979568
5,2,0,0,1.484,4.796472
5,2,0,1,1.275,8.639176
5,2,0,2,0.89,17.604888
6,0,0,0,1.489,4.888704
6,0,0,1,1.255,7.882672
6,0,0,2,0.892,17.62832
6,1,0,0,1.489,4.930952
6,1,0,1,1.255,7.780736
6,1,0,2,0.892,17.841072
6,2,0,0,1.489,4.83092
6,2,0,1,1.255,8.233864
6,2,0,2,0.892,17.822632
7,0,0,0,1.527,4.852488
7,0,0,1,1.271,7.720704
7,0,0,2,0.923,16.17872
7,1,0,0,1.527,5.071728
7,1,0,1,1.271,7.556728
7,1,0,2,0.923,17.86492
7,2,0,0,1.527,4.917368
7,2,0,1,1.271,7.847768
7,2,0,2,0.923,18.146448
8,0,0,0,1.535,5.264368
8,0,0,1,1.253,8.16952
8,0,0,2,0.926,16.541672
8,1,0,0,1.535,4.990264
8,1,0,1,1.253,7.752472
8,1,0,2,0.926,17.569896
8,2,0,0,1.535,5.003216
8,2,0,1,1.253,7.713512
8,2,0,2,0.926,18.070992
9,0,0,0,1.5,4.811968
9,0,0,1,1.251,7.838216
9,0,0,2,0.934,15.664336
9,1,0,0,1.5,4.932592
9,1,0,1,1.251,7.864296
9,1,0,2,0.934,17.468176
9,2,0,0,1.5,4.990648
9,2,0,1,1.251,7.5802
9,2,0,2,0.934,18.268008
10,0,0,0,1.501,4.807216
10,0,0,1,1.247,8.349336
10,0,0,2,0.931,16.017048
10,1,0,0,1.501,5.039696
10,1,0,1,1.247,7.99324
10,1,0,2,0.931,17.029568
10,2,0,0,1.501,5.087792
10,2,0,1,1.247,7.786232
10,2,0,2,0.931,17.873552
11,0,0,0,1.488,4.834336
11,0,0,1,1.252,7.958032
11,0,0,2,0.941,15.510744
11,1,0,0,1.488,5.073616
11,1,0,1,1.252,8.02796
11,1,0,2,0.941,16.818632
11,2,0,0,1.488,5.103808
11,2,0,1,1.252,7.854096
11,2,0,2,0.941,17.859968
12,0,0,0,1.501,5.078256
12,0,0,1,1.248,8.022984
12,0,0,2,0.942,15.9326
12,1,0,0,1.501,5.084688
12,1,0,1,1.248,7.944704
12,1,0,2,0.942,16.822584
12,2,0,0,1.501,4.924248
12,2,0,1,1.248,8.06732
12,2,0,2,0.942,17.185528
13,0,0,0,1.547,5.143416
13,0,0,1,1.254,7.752912
13,0,0,2,0.943,15.535136
13,1,0,0,1.547,4.947344
13,1,0,1,1.254,7.9554
13,1,0,2,0.943,16.594496
13,2,0,0,1.547,5.050376
13,2,0,1,1.254,8.247096
13,2,0,2,0.943,17.27224
14,0,0,0,1.575,5.047024
14,0,0,1,1.269,8.041672
14,0,0,2,0.94,16.048416
14,1,0,0,1.575,4.965368
14,1,0,1,1.269,7.872864
14,1,0,2,0.94,16.042328
14,2,0,0,1.575,5.026856
14,2,0,1,1.269,8.170864
14,2,0,2,0.94,16.557048
15,0,0,0,1.508,4.906992
15,0,0,1,1.277,7.79436
15,0,0,2,0.943,15.496544
15,1,0,0,1.508,5.0766
15,1,0,1,1.277,7.925632
15,1,0,2,0.943,16.040104
15,2,0,0,1.508,5.037392
15,2,0,1,1.277,7.960808
15,2,0,2,0.943,16.013488
16,0,0,0,1.504,5.308224
16,0,0,1,1.26,8.140432
16,0,0,2,0.933,16.329792
16,1,0,0,1.504,4.98108
16,1,0,1,1.26,8.153776
16,1,0,2,0.933,15.769552
16,2,0,0,1.504,5.19868
16,2,0,1,1.26,8.197632
16,2,0,2,0.933,15.866648
17,0,0,0,1.558,4.879776
17,0,0,1,1.275,7.992624
17,0,0,2,0.931,16.213664
17,1,0,0,1.558,4.919208
17,1,0,1,1.275,8.323576
17,1,0,2,0.931,15.866512
17,2,0,0,1.558,4.927096
17,2,0,1,1.275,7.998744
17,2,0,2,0.931,15.848168
18,0,0,0,1.623,4.779432
18,0,0,1,1.297,8.233
18,0,0,2,0.933,16.782664
18,1,0,0,1.623,5.00108
18,1,0,1,1.297,8.05396
18,1,0,2,0.933,15.663328
18,2,0,0,1.623,4.539984
18,2,0,1,1.297,7.51316
18,2,0,2,0.933,15.0872
19,0,0,0,1.61,4.676
19,0,0,1,1.303,7.611072
19,0,0,2,0.937,15.28576
19,1,0,0,1.61,5.003464
19,1,0,1,1.303,7.850192
19,1,0,2,0.937,15.984432
19,2,0,0,1.61,5.068136
19,2,0,1,1.303,7.921944
19,2,0,2,0.937,15.449704
20,0,0,0,1.529,4.902064
20,0,0,1,1.271,7.857432
20,0,0,2,0.937,15.68748
20,1,0,0,1.529,5.06436
20,1,0,1,1.271,7.93136
20,1,0,2,0.937,15.95556
20,2,0,0,1.529,4.907744
20,2,0,1,1.271,8.107976
20,2,0,2,0.937,15.441416
21,0,0,0,1.506,4.939216
21,0,0,1,1.241,7.78052
21,0,0,2,0.927,15.230184
21,1,0,0,1.506,4.93492
21,1,0,1,1.241,8.145
21,1,0,2,0.927,16.085928
21,2,0,0,1.506,4.856208
21,2,0,1,1.241,7.935896
21,2,0,2,0.927,15.67108
22,0,0,0,1.515,5.486968
22,0,0,1,1.246,8.338816
22,0,0,2,0.925,16.371792
22,1,0,0,1.515,4.861168
22,1,0,1,1.246,7.979096
22,1,0,2,0.925,15.88008
22,2,0,0,1.515,4.955656
22,2,0,1,1.246,7.781552
22,2,0,2,0.925,15.607944
23,0,0,0,1.59,4.890768
23,0,0,1,1.262,7.80896
23,0,0,2,0.923,15.663216
23,1,0,0,1.59,4.956832
23,1,0,1,1.262,7.966784
23,1,0,2,0.923,16.18344
23,2,0,0,1.59,5.055432
23,2,0,1,1.262,7.848128
23,2,0,2,0.923,15.652472
24,0,0,0,1.516,5.216528
24,0,0,1,1.246,8.162192
24,0,0,2,0.922,16.236008
24,1,0,0,1.516,4.997952
24,1,0,1,1.246,7.937032
24,1,0,2,0.922,16.090856
24,2,0,0,1.516,5.179168
24,2,0,1,1.246,7.956744
24,2,0,2,0.922,15.929464
25,0,0,0,1.544,5.186824
25,0,0,1,1.262,8.12356
25,0,0,2,0.926,16.166272
25,1,0,0,1.544,5.056528
25,1,0,1,1.262,8.072328
25,1,0,2,0.926,16.261328
25,2,0,0,1.544,5.30172
25,2,0,1,1.262,8.159024
25,2,0,2,0.926,16.449888
26,0,0,0,1.611,4.664936
26,0,0,1,1.296,7.808488
26,0,0,2,0.925,16.141112
26,1,0,0,1.611,4.935576
26,1,0,1,1.296,7.959176
26,1,0,2,0.925,15.884952
26,2,0,0,1.611,4.947016
26,2,0,1,1.296,8.053552
26,2,0,2,0.925,15.88624
27,0,0,0,1.519,4.69776
27,0,0,1,1.241,7.569984
27,0,0,2,0.919,15.084072
27,1,0,0,1.519,4.993024
27,1,0,1,1.241,7.829408
27,1,0,2,0.919,15.776056
27,2,0,0,1.519,4.915384
27,2,0,1,1.241,7.980272
27,2,0,2,0.919,15.990776
28,0,0,0,1.45,5.340576
28,0,0,1,1.216,8.09436
28,0,0,2,0.911,16.10572
28,1,0,0,1.45,4.981136
28,1,0,1,1.216,7.898384
28,1,0,2,0.911,15.608864
28,2,0,0,1.45,5.140896
28,2,0,1,1.216,8.216568
28,2,0,2,0.911,16.140448
29,0,0,0,1.47,5.006856
29,0,0,1,1.202,7.952384
29,0,0,2,0.906,15.707144
29,1,0,0,1.47,4.761
29,1,0,1,1.202,7.851288
29,1,0,2,0.906,15.260856
29,2,0,0,1.47,4.952512
29,2,0,1,1.202,8.0788
29,2,0,2,0.906,16.252896
30,0,0,0,1.486,4.885632
30,0,0,1,1.206,8.189504
30,0,0,2,0.899,16.526888
30,1,0,0,1.486,5.097064
30,1,0,1,1.206,7.959536
30,1,0,2,0.899,15.503184
30,2,0,0,1.486,4.920072
30,2,0,1,1.206,8.016824
30,2,0,2,0.899,16.198
31,0,0,0,1.491,4.845616
31,0,0,1,1.211,7.89944
31,0,0,2,0.904,15.880864
31,1,0,0,1.491,5.19964
31,1,0,1,1.211,8.217168
31,1,0,2,0.904,16.03032
31,2,0,0,1.491,5.003008
31,2,0,1,1.211,7.989512
31,2,0,2,0.904,16.384928
32,0,0,0,1.492,5.074616
32,0,0,1,1.229,8.301608
32,0,0,2,0.9,16.785512
32,1,0,0,1.492,5.09296
32,1,0,1,1.229,8.10176
32,1,0,2,0.9,16.169232
32,2,0,0,1.492,5.046368
32,2,0,1,1.229,7.91796
32,2,0,2,0.9,15.954808
33,0,0,0,1.511,4.927896
33,0,0,1,1.243,7.89464
33,0,0,2,0.908,15.868376
33,1,0,0,1.511,4.982664
33,1,0,1,1.243,7.922744
33,1,0,2,0.908,16.194936
33,2,0,0,1.511,5.085896
33,2,0,1,1.243,7.88712
33,2,0,2,0.908,16.178648
34,0,0,0,1.507,4.9918
34,0,0,1,1.241,8.001336
34,0,0,2,0.901,16.60316
34,1,0,0,1.507,4.981384
34,1,0,1,1.241,7.858264
34,1,0,2,0.901,16.045624
34,2,0,0,1.507,4.957656
34,2,0,1,1.241,8.043448
34,2,0,2,0.901,15.840976
35,0,0,0,1.508,4.929688
35,0,0,1,1.237,7.812128
35,0,0,2,0.904,15.920336
35,1,0,0,1.508,4.983872
35,1,0,1,1.237,8.104056
35,1,0,2,0.904,16.286944
35,2,0,0,1.508,5.123792
35,2,0,1,1.237,8.309856
35,2,0,2,0.904,16.284968
36,0,0,0,1.485,5.064752
36,0,0,1,1.233,8.092048
36,0,0,2,0.9,16.51816
36,1,0,0,1.485,5.037896
36,1,0,1,1.233,7.986232
36,1,0,2,0.9,16.20196
36,2,0,0,1.485,4.825096
36,2,0,1,1.233,7.967648
36,2,0,2,0.9,15.671736
37,0,0,0,1.488,4.976696
37,0,0,1,1.247,7.915736
37,0,0,2,0.913,15.652696
37,1,0,0,1.488,4.992816
37,1,0,1,1.247,7.969008
37,1,0,2,0.913,16.215376
37,2,0,0,1.488,4.888576
37,2,0,1,1.247,7.858736
37,2,0,2,0.913,15.874136
38,0,0,0,1.529,5.15712
38,0,0,1,1.248,8.289072
38,0,0,2,0.92,16.414608
38,1,0,0,1.529,4.959336
38,1,0,1,1.248,8.05628
38,1,0,2,0.92,16.271264
38,2,0,0,1.529,4.99424
38,2,0,1,1.248,7.833648
38,2,0,2,0.92,15.808176
39,0,0,0,1.565,4.86468
39,0,0,1,1.262,7.8498
39,0,0,2,0.928,15.2486
39,1,0,0,1.565,4.980192
39,1,0,1,1.262,8.15176
39,1,0,2,0.928,15.945832
39,2,0,0,1.565,4.95048
39,2,0,1,1.262,7.934624
39,2,0,2,0.928,16.058608
40,0,0,0,1.574,5.194752
40,0,0,1,1.271,8.325328
40,0,0,2,0.927,16.704112
40,1,0,0,1.574,5.109232
40,1,0,1,1.271,7.974936
40,1,0,2,0.927,15.992472
40,2,0,0,1.574,5.099776
40,2,0,1,1.271,8.070088
40,2,0,2,0.927,15.940592
41,0,0,0,1.63,4.73112
41,0,0,1,1.299,7.62084
41,0,0,2,0.938,15.608504
41,1,0,0,1.63,4.894376
41,1,0,1,1.299,7.888336
41,1,0,2,0.938,16.12216
41,2,0,0,1.63,5.091888
41,2,0,1,1.299,8.075408
41,2,0,2,0.938,16.148944
42,0,0,0,1.553,4.936096
42,0,0,1,1.263,7.762088
42,0,0,2,0.931,15.523328
42,1,0,0,1.553,5.007216
42,1,0,1,1.263,8.036784
42,1,0,2,0.931,15.91888
42,2,0,0,1.553,5.043256
42,2,0,1,1.263,8.12404
42,2,0,2,0.931,16.008056
43,0,0,0,1.517,5.447352
43,0,0,1,1.244,8.457408
43,0,0,2,0.929,16.42068
43,1,0,0,1.517,5.023824
43,1,0,1,1.244,8.268032
43,1,0,2,0.929,16.12504
43,2,0,0,1.517,4.990904
43,2,0,1,1.244,8.142672
43,2,0,2,0.929,16.063128
44,0,0,0,1.637,4.856392
44,0,0,1,1.283,8.203992
44,0,0,2,0.926,16.93484
44,1,0,0,1.637,5.011616
44,1,0,1,1.283,8.039456
44,1,0,2,0.926,15.947248
44,2,0,0,1.637,4.948256
44,2,0,1,1.283,7.98008
44,2,0,2,0.926,15.915536
45,0,0,0,1.649,4.581288
45,0,0,1,1.326,7.49656
45,0,0,2,0.938,15.514952
45,1,0,0,1.649,5.022952
45,1,0,1,1.326,8.064552
45,1,0,2,0.938,16.23216
45,2,0,0,1.649,4.995792
45,2,0,1,1.326,7.92792
45,2,0,2,0.938,16.154928
46,0,0,0,1.558,4.934024
46,0,0,1,1.291,7.669104
46,0,0,2,0.944,15.379024
46,1,0,0,1.558,4.92428
46,1,0,1,1.291,7.819568
46,1,0,2,0.944,15.864984
46,2,0,0,1.558,4.970336
46,2,0,1,1.291,8.065808
46,2,0,2,0.944,16.066472
47,0,0,0,1.537,5.153768
47,0,0,1,1.241,7.984216
47,0,0,2,0.939,15.15248
47,1,0,0,1.537,4.841488
47,1,0,1,1.241,7.77936
47,1,0,2,0.939,15.722488
47,2,0,0,1.537,4.996936
47,2,0,1,1.241,7.930864
47,2,0,2,0.939,15.925736
48,0,0,0,1.517,5.351128
48,0,0,1,1.238,8.579456
48,0,0,2,0.921,16.769128
48,1,0,0,1.517,5.041128
48,1,0,1,1.238,8.04044
48,1,0,2,0.921,15.754856
48,2,0,0,1.517,5.002912
48,2,0,1,1.238,7.974664
48,2,0,2,0.921,15.83704
49,0,0,0,1.579,4.747592
49,0,0,1,1.29,7.685824
49,0,0,2,0.931,15.469368
49,1,0,0,1.579,5.015
49,1,0,1,1.29,7.934632
49,1,0,2,0.931,15.901392
49,2,0,0,1.579,5.1134
49,2,0,1,1.29,8.046072
49,2,0,2,0.931,16.14804
50,0,0,0,1.544,4.88284
50,0,0,1,1.263,7.823496
50,0,0,2,0.917,16.217168
50,1,0,0,1.544,5.093888
50,1,0,1,1.263,8.147112
50,1,0,2,0.917,15.82588
50,2,0,0,1.544,5.068144
50,2,0,1,1.263,8.22376
50,2,0,2,0.917,16.107616
51,0,0,0,1.504,4.958392
51,0,0,1,1.225,7.88544
51,0,0,2,0.91,15.698592
51,1,0,0,1.504,4.958928
51,1,0,1,1.225,8.159968
51,1,0,2,0.91,15.947064
51,2,0,0,1.504,4.979264
51,2,0,1,1.225,8.091096
51,2,0,2,0.91,16.307056
52,0,0,0,1.483,5.15056
52,0,0,1,1.224,8.165376
52,0,0,2,0.904,16.29392
52,1,0,0,1.483,5.011328
52,1,0,1,1.224,8.204104
52,1,0,2,0.904,15.971072
52,2,0,0,1.483,4.904616
52,2,0,1,1.224,8.115408
52,2,0,2,0.904,16.181592
53,0,0,0,1.484,5.039544
53,0,0,1,1.226,8.007888
53,0,0,2,0.9,16.024688
53,1,0,0,1.484,4.991472
53,1,0,1,1.226,7.889672
53,1,0,2,0.9,16.137056
53,2,0,0,1.484,4.911688
53,2,0,1,1.226,8.019888
53,2,0,2,0.9,16.110072
54,0,0,0,1.5,5.042784
54,0,0,1,1.233,8.125024
54,0,0,2,0.898,16.6936
54,1,0,0,1.5,5.056248
54,1,0,1,1.233,7.849376
54,1,0,2,0.898,16.321528
54,2,0,0,1.5,5.055144
54,2,0,1,1.233,7.897264
54,2,0,2,0.898,15.718296
55,0,0,0,1.499,4.974592
55,0,0,1,1.237,7.909128
55,0,0,2,0.912,15.649264
55,1,0,0,1.499,5.030024
55,1,0,1,1.237,7.995568
55,1,0,2,0.912,16.297544
55,2,0,0,1.499,5.174216
55,2,0,1,1.237,7.775704
55,2,0,2,0.912,15.977952
56,0,0,0,1.501,5.037312
56,0,0,1,1.236,8.123584
56,0,0,2,0.914,16.16852
56,1,0,0,1.501,4.93116
56,1,0,1,1.236,7.97124
56,1,0,2,0.914,15.850496
56,2,0,0,1.501,5.002744
56,2,0,1,1.236,7.819256
56,2,0,2,0.914,15.63924
57,0,0,0,1.507,4.94772
57,0,0,1,1.242,8.003424
57,0,0,2,0.916,15.644272
57,1,0,0,1.507,4.962232
57,1,0,1,1.242,7.903752
57,1,0,2,0.916,16.078056
57,2,0,0,1.507,4.85416
57,2,0,1,1.242,7.89456
57,2,0,2,0.916,15.842952
58,0,0,0,1.499,5.004032
58,0,0,1,1.235,7.979408
58,0,0,2,0.907,16.289024
58,1,0,0,1.499,5.033792
58,1,0,1,1.235,7.91072
58,1,0,2,0.907,15.837984
58,2,0,0,1.499,4.848912
58,2,0,1,1.235,7.899832
58,2,0,2,0.907,15.586592
59,0,0,0,1.495,4.953704
59,0,0,1,1.231,7.821536
59,0,0,2,0.91,15.679416
59,1,0,0,1.495,4.990016
59,1,0,1,1.231,8.057672
59,1,0,2,0.91,15.87176
59,2,0,0,1.495,5.050024
59,2,0,1,1.231,8.133944
59,2,0,2,0.91,16.070568
60,0,0,0,1.489,5.029856
60,0,0,1,1.21,8.021736
60,0,0,2,0.91,16.152192
60,1,0,0,1.489,5.056656
60,1,0,1,1.21,8.02696
60,1,0,2,0.91,15.928016
60,2,0,0,1.489,5.0668
60,2,0,1,1.21,8.078616
60,2,0,2,0.91,15.877056
61,0,0,0,1.489,4.995424
61,0,0,1,1.206,7.944296
61,0,0,2,0.908,15.712624
61,1,0,0,1.489,4.992824
61,1,0,1,1.206,8.043112
61,1,0,2,0.908,16.12524
61,2,0,0,1.489,5.096064
61,2,0,1,1.206,8.171992
61,2,0,2,0.908,16.30824
62,0,0,0,1.49,5.05884
62,0,0,1,1.226,8.183952
62,0,0,2,0.895,16.793944
62,1,0,0,1.49,4.981856
62,1,0,1,1.226,7.93268
62,1,0,2,0.895,15.880984
62,2,0,0,1.49,5.13212
62,2,0,1,1.226,7.945576
62,2,0,2,0.895,16.135888
63,0,0,0,1.497,4.998072
63,0,0,1,1.23,8.054752
63,0,0,2,0.903,16.065816
63,1,0,0,1.497,5.017296
63,1,0,1,1.23,8.065448
63,1,0,2,0.903,16.178904
63,2,0,0,1.497,5.237864
63,2,0,1,1.23,8.143568
63,2,0,2,0.903,16.444696
64,0,0,0,1.518,5.076968
64,0,0,1,1.253,8.312088
64,0,0,2,0.911,16.532808
64,1,0,0,1.518,5.043168
64,1,0,1,1.253,8.210864
64,1,0,2,0.911,16.156096
64,2,0,0,1.518,5.005096
64,2,0,1,1.253,7.925272
64,2,0,2,0.911,16.142064
65,0,0,0,1.542,5.023232
65,0,0,1,1.267,8.049584
65,0,0,2,0.922,15.825328
65,1,0,0,1.542,5.081672
65,1,0,1,1.267,8.153936
65,1,0,2,0.922,16.231792
65,2,0,0,1.542,4.597288
65,2,0,1,1.267,7.832648
65,2,0,2,0.922,16.190392
66,0,0,0,1.578,4.943304
66,0,0,1,1.276,8.099608
66,0,0,2,0.934,16.341128
66,1,0,0,1.578,4.922168
66,1,0,1,1.276,7.95352
66,1,0,2,0.934,16.006792
66,2,0,0,1.578,4.898808
66,2,0,1,1.276,7.837848
66,2,0,2,0.934,15.870928
67,0,0,0,1.594,4.642704
67,0,0,1,1.273,7.579856
67,0,0,2,0.941,15.135768
67,1,0,0,1.594,4.9278
67,1,0,1,1.273,7.775016
67,1,0,2,0.941,15.876464
67,2,0,0,1.594,5.053712
67,2,0,1,1.273,8.00264
67,2,0,2,0.941,16.004888
68,0,0,0,1.553,5.3044
68,0,0,1,1.26,8.140584
68,0,0,2,0.932,16.28268
68,1,0,0,1.553,4.955368
68,1,0,1,1.26,7.88052
68,1,0,2,0.932,15.660224
68,2,0,0,1.553,4.96328
68,2,0,1,1.26,7.991288
68,2,0,2,0.932,15.59104
69,0,0,0,1.598,4.899592
69,0,0,1,1.28,7.768568
69,0,0,2,0.94,15.511424
69,1,0,0,1.598,4.95424
69,1,0,1,1.28,7.953256
69,1,0,2,0.94,15.763672
69,2,0,0,1.598,4.993048
69,2,0,1,1.28,8.063144
69,2,0,2,0.94,16.015872
70,0,0,0,1.614,4.798808
70,0,0,1,1.29,7.830296
70,0,0,2,0.926,16.091744
70,1,0,0,1.614,5.076512
70,1,0,1,1.29,8.06332
70,1,0,2,0.926,16.014504
70,2,0,0,1.614,4.970152
70,2,0,1,1.29,8.133968
70,2,0,2,0.926,15.90908
71,0,0,0,1.557,4.941056
71,0,0,1,1.268,7.908808
71,0,0,2,0.932,15.195936
71,1,0,0,1.557,5.106168
71,1,0,1,1.268,8.15812
71,1,0,2,0.932,16.502744
71,2,0,0,1.557,5.183416
71,2,0,1,1.268,8.21912
71,2,0,2,0.932,16.18908
72,0,0,0,1.493,5.15436
72,0,0,1,1.237,8.329208
72,0,0,2,0.913,16.1518
72,1,0,0,1.493,4.939616
72,1,0,1,1.237,8.006888
72,1,0,2,0.913,16.0208
72,2,0,0,1.493,5.047248
72,2,0,1,1.237,7.992496
72,2,0,2,0.913,15.983768
73,0,0,0,1.481,5.06464
73,0,0,1,1.221,7.901728
73,0,0,2,0.906,15.81544
73,1,0,0,1.481,4.92048
73,1,0,1,1.221,7.863672
73,1,0,2,0.906,15.84776
73,2,0,0,1.481,4.901904
73,2,0,1,1.221,8.047816
73,2,0,2,0.906,16.333072
74,0,0,0,1.496,5.020424
74,0,0,1,1.224,8.147568
74,0,0,2,0.897,16.542272
74,1,0,0,1.496,5.030864
74,1,0,1,1.224,7.953672
74,1,0,2,0.897,15.872128
74,2,0,0,1.496,4.80472
74,2,0,1,1.224,8.024192
74,2,0,2,0.897,15.997144
75,0,0,0,1.49,4.883688
75,0,0,1,1.217,8.046072
75,0,0,2,0.892,16.333
75,1,0,0,1.49,5.081488
75,1,0,1,1.217,8.212648
75,1,0,2,0.892,16.098936
75,2,0,0,1.49,4.961048
75,2,0,1,1.217,8.016144
75,2,0,2,0.892,16.587824
76,0,0,0,1.488,4.9688
76,0,0,1,1.228,8.04608
76,0,0,2,0.899,16.748504
76,1,0,0,1.488,5.066344
76,1,0,1,1.228,8.141304
76,1,0,2,0.899,16.059232
76,2,0,0,1.488,4.973672
76,2,0,1,1.228,7.776936
76,2,0,2,0.899,15.749536
77,0,0,0,1.509,5.050584
77,0,0,1,1.232,7.845184
77,0,0,2,0.911,15.680304
77,1,0,0,1.509,4.926184
77,1,0,1,1.232,8.004816
77,1,0,2,0.911,15.92144
77,2,0,0,1.509,5.206808
77,2,0,1,1.232,8.172592
77,2,0,2,0.911,15.999272
78,0,0,0,1.515,5.11024
78,0,0,1,1.243,8.067904
78,0,0,2,0.921,16.123632
78,1,0,0,1.515,4.927016
78,1,0,1,1.243,7.95244
78,1,0,2,0.921,15.827648
78,2,0,0,1.515,5.021992
78,2,0,1,1.243,8.046552
78,2,0,2,0.921,15.689408
79,0,0,0,1.54,4.95668
79,0,0,1,1.25,7.915744
79,0,0,2,0.929,15.568968
79,1,0,0,1.54,5.013024
79,1,0,1,1.25,7.881648
79,1,0,2,0.929,15.882392
79,2,0,0,1.54,5.04176
79,2,0,1,1.25,8.065952
79,2,0,2,0.929,16.166176
80,0,0,0,1.547,5.24756
80,0,0,1,1.27,8.25248
80,0,0,2,0.925,16.529864
80,1,0,0,1.547,5.06784
80,1,0,1,1.27,7.91016
80,1,0,2,0.925,16.146176
80,2,0,0,1.547,4.937592
80,2,0,1,1.27,7.91668
80,2,0,2,0.925,15.808808
81,0,0,0,1.59,4.883912
81,0,0,1,1.264,7.892256
81,0,0,2,0.935,15.611896
81,1,0,0,1.59,5.054088
81,1,0,1,1.264,8.17988
81,1,0,2,0.935,16.175488
81,2,0,0,1.59,5.152968
81,2,0,1,1.264,8.2752
81,2,0,2,0.935,16.41704
82,0,0,0,1.589,4.686672
82,0,0,1,1.261,7.748472
82,0,0,2,0.94,15.710552
82,1,0,0,1.589,5.078856
82,1,0,1,1.261,8.1234
82,1,0,2,0.94,16.304544
82,2,0,0,1.589,5.127048
82,2,0,1,1.261,8.19376
82,2,0,2,0.94,16.218504
83,0,0,0,1.502,4.91368
83,0,0,1,1.25,7.7284
83,0,0,2,0.921,15.214416
83,1,0,0,1.502,5.05728
83,1,0,1,1.25,8.20264
83,1,0,2,0.921,16.421952
83,2,0,0,1.502,5.11276
83,2,0,1,1.25,7.89084
83,2,0,2,0.921,16.54964
84,0,0,0,1.474,5.211256
84,0,0,1,1.233,8.127192
84,0,0,2,0.911,16.180576
84,1,0,0,1.474,4.99156
84,1,0,1,1.233,8.15796
84,1,0,2,0.911,16.075832
84,2,0,0,1.474,4.818016
84,2,0,1,1.233,7.804448
84,2,0,2,0.911,16.250248
85,0,0,0,1.486,5.00988
85,0,0,1,1.223,8.033432
85,0,0,2,0.908,15.73904
85,1,0,0,1.486,4.898848
85,1,0,1,1.223,7.830784
85,1,0,2,0.908,15.98348
85,2,0,0,1.486,4.529664
85,2,0,1,1.223,7.172696
85,2,0,2,0.908,14.996728
86,0,0,0,1.495,4.963672
86,0,0,1,1.22,8.292408
86,0,0,2,0.895,16.741248
86,1,0,0,1.495,5.033176
86,1,0,1,1.22,7.854832
86,1,0,2,0.895,15.895136
86,2,0,0,1.495,5.434928
86,2,0,1,1.22,8.520136
86,2,0,2,0.895,16.14316
87,0,0,0,1.49,4.934392
87,0,0,1,1.22,7.95692
87,0,0,2,0.897,16.148024
87,1,0,0,1.49,4.976696
87,1,0,1,1.22,7.983928
87,1,0,2,0.897,16.973864
87,2,0,0,1.49,5.82948
87,2,0,1,1.22,9.427312
87,2,0,2,0.897,17.951328
88,0,0,0,1.49,5.003984
88,0,0,1,1.221,7.949184
88,0,0,2,0.902,16.44984
88,1,0,0,1.49,4.720528
88,1,0,1,1.221,7.628392
88,1,0,2,0.902,15.577392
88,2,0,0,1.49,4.433528
88,2,0,1,1.221,7.350096
88,2,0,2,0.902,15.855256
89,0,0,0,1.494,4.94248
89,0,0,1,1.232,7.935496
89,0,0,2,0.907,15.70192
89,1,0,0,1.494,5.125344
89,1,0,1,1.232,8.024576
89,1,0,2,0.907,15.94744
89,2,0,0,1.494,4.994024
89,2,0,1,1.232,7.576944
89,2,0,2,0.907,15.2528
90,0,0,0,1.508,5.208008
90,0,0,1,1.235,8.41828
90,0,0,2,0.913,16.602208
90,1,0,0,1.508,5.36188
90,1,0,1,1.235,8.615624
90,1,0,2,0.913,16.845152
90,2,0,0,1.508,5.021928
90,2,0,1,1.235,8.230968
90,2,0,2,0.913,15.9678
91,0,0,0,1.555,5.001536
91,0,0,1,1.251,7.943432
91,0,0,2,0.926,15.83744
91,1,0,0,1.555,4.80564
91,1,0,1,1.251,8.020816
91,1,0,2,0.926,16.106136
91,2,0,0,1.555,4.534888
91,2,0,1,1.251,7.889776
91,2,0,2,0.926,15.140696
92,0,0,0,1.606,5.01872
92,0,0,1,1.287,8.135048
92,0,0,2,0.934,16.5958
92,1,0,0,1.606,5.04504
92,1,0,1,1.287,7.992304
92,1,0,2,0.934,15.666776
92,2,0,0,1.606,4.729152
92,2,0,1,1.287,7.813496
92,2,0,2,0.934,14.9754
93,0,0,0,1.615,4.82144
93,0,0,1,1.282,7.65528
93,0,0,2,0.951,15.134416
93,1,0,0,1.615,5.187376
93,1,0,1,1.282,8.250344
93,1,0,2,0.951,16.184648
93,2,0,0,1.615,4.994192
93,2,0,1,1.282,8.113296
93,2,0,2,0.951,16.128048
94,0,0,0,1.551,5.032944
94,0,0,1,1.272,8.026472
94,0,0,2,0.93,15.9698
94,1,0,0,1.551,4.579808
94,1,0,1,1.272,7.45716
94,1,0,2,0.93,14.759544
94,2,0,0,1.551,4.823912
94,2,0,1,1.272,7.493104
94,2,0,2,0.93,15.406808
95,0,0,0,1.582,5.033672
95,0,0,1,1.293,8.009144
95,0,0,2,0.944,15.731672
95,1,0,0,1.582,5.216784
95,1,0,1,1.293,7.952416
95,1,0,2,0.944,15.416768
95,2,0,0,1.582,4.901808
95,2,0,1,1.293,7.356288
95,2,0,2,0.944,15.385664
96,0,0,0,1.63,4.886688
96,0,0,1,1.288,7.801704
96,0,0,2,0.943,15.995144
96,1,0,0,1.63,5.058488
96,1,0,1,1.288,7.932616
96,1,0,2,0.943,15.733072
96,2,0,0,1.63,5.345624
96,2,0,1,1.288,7.921376
96,2,0,2,0.943,15.751096
97,0,0,0,1.591,4.851736
97,0,0,1,1.285,7.656944
97,0,0,2,0.936,15.14996
97,1,0,0,1.591,4.958968
97,1,0,1,1.285,8.209152
97,1,0,2,0.936,16.231552
97,2,0,0,1.591,5.630048
97,2,0,1,1.285,8.585232
97,2,0,2,0.936,17.01356
98,0,0,0,1.524,5.110264
98,0,0,1,1.261,8.12924
98,0,0,2,0.909,16.633056
98,1,0,0,1.524,4.849352
98,1,0,1,1.261,8.018728
98,1,0,2,0.909,16.124688
98,2,0,0,1.524,5.100504
98,2,0,1,1.261,8.495264
98,2,0,2,0.909,17.017784
99,0,0,0,1.498,4.984016
99,0,0,1,1.231,8.028832
99,0,0,2,0.896,16.26568
99,1,0,0,1.498,4.674808
99,1,0,1,1.231,7.472312
99,1,0,2,0.896,15.200808
99,2,0,0,1.498,4.82076
99,2,0,1,1.231,8.284624
99,2,0,2,0.896,16.966464
100,0,0,0,1.508,5.06864
100,0,0,1,1.234,8.237944
100,0,0,2,0.902,16.680088
100,1,0,0,1.508,6.203376
100,1,0,1,1.234,9.380984
100,1,0,2,0.902,17.972392
100,2,0,0,1.508,5.091864
100,2,0,1,1.234,8.13508
100,2,0,2,0.902,16.463952
101,0,0,0,1.504,4.97692
101,0,0,1,1.235,7.996016
101,0,0,2,0.906,15.927776
101,1,0,0,1.504,4.757384
101,1,0,1,1.235,7.937944
101,1,0,2,0.906,16.969328
101,2,0,0,1.504,5.03172
101,2,0,1,1.235,7.8888
101,2,0,2,0.906,16.424296
102,0,0,0,1.526,4.976528
102,0,0,1,1.23,7.9878
102,0,0,2,0.911,16.12344
102,1,0,0,1.526,4.067384
102,1,0,1,1.23,6.449504
102,1,0,2,0.911,14.180304
102,2,0,0,1.526,4.714656
102,2,0,1,1.23,7.450376
102,2,0,2,0.911,15.30768
103,0,0,0,1.509,4.986968
103,0,0,1,1.215,7.816088
103,0,0,2,0.925,15.206432
103,1,0,0,1.509,4.882216
103,1,0,1,1.215,7.287984
103,1,0,2,0.925,14.253096
103,2,0,0,1.509,5.09024
103,2,0,1,1.215,7.774288
103,2,0,2,0.925,15.32304
104,0,0,0,1.505,5.0974
104,0,0,1,1.242,8.190648
104,0,0,2,0.911,16.362504
104,1,0,0,1.505,5.340568
104,1,0,1,1.242,8.151328
104,1,0,2,0.911,15.31576
104,2,0,0,1.505,5.017504
104,2,0,1,1.242,7.863984
104,2,0,2,0.911,15.293112
105,0,0,0,1.522,5.054432
105,0,0,1,1.258,8.139536
105,0,0,2,0.919,15.926632
105,1,0,0,1.522,4.974168
105,1,0,1,1.258,8.058736
105,1,0,2,0.919,15.554216
105,2,0,0,1.522,5.141288
105,2,0,1,1.258,8.461824
105,2,0,2,0.919,16.18344
106,0,0,0,1.536,5.081208
106,0,0,1,1.252,8.307736
106,0,0,2,0.912,16.6014
106,1,0,0,1.536,5.217944
106,1,0,1,1.252,8.266696
106,1,0,2,0.912,16.022848
106,2,0,0,1.536,4.973472
106,2,0,1,1.252,8.016832
106,2,0,2,0.912,15.752384
107,0,0,0,1.566,5.042376
107,0,0,1,1.268,8.074472
107,0,0,2,0.916,16.199976
107,1,0,0,1.566,5.124728
107,1,0,1,1.268,8.459048
107,1,0,2,0.916,16.98072
107,2,0,0,1.566,5.148808
107,2,0,1,1.268,8.393016
107,2,0,2,0.916,16.496048
108,0,0,0,1.59,4.768064
108,0,0,1,1.274,7.762304
108,0,0,2,0.928,15.836352
108,1,0,0,1.59,4.86448
108,1,0,1,1.274,8.040568
108,1,0,2,0.928,16.553224
108,2,0,0,1.59,4.72044
108,2,0,1,1.274,7.70724
108,2,0,2,0.928,15.931656
109,0,0,0,1.525,4.945304
109,0,0,1,1.245,7.607064
109,0,0,2,0.925,14.98108
109,1,0,0,1.525,4.900592
109,1,0,1,1.245,8.09436
109,1,0,2,0.925,16.600872
109,2,0,0,1.525,5.016664
109,2,0,1,1.245,8.075632
109,2,0,2,0.925,16.427392
110,0,0,0,1.476,5.120496
110,0,0,1,1.223,8.033088
110,0,0,2,0.914,15.90604
110,1,0,0,1.476,4.902232
110,1,0,1,1.223,8.08712
110,1,0,2,0.914,16.28836
110,2,0,0,1.476,4.794952
110,2,0,1,1.223,7.715856
110,2,0,2,0.914,16.144136
111,0,0,0,1.473,5.005504
111,0,0,1,1.207,7.953136
111,0,0,2,0.903,15.794784
111,1,0,0,1.473,5.159464
111,1,0,1,1.207,8.073192
111,1,0,2,0.903,16.299432
111,2,0,0,1.473,4.986624
111,2,0,1,1.207,7.933936
111,2,0,2,0.903,16.116808
112,0,0,0,1.453,5.186296
112,0,0,1,1.219,8.131672
112,0,0,2,0.897,16.565632
112,1,0,0,1.453,5.14476
112,1,0,1,1.219,8.015648
112,1,0,2,0.897,16.14188
112,2,0,0,1.453,5.148656
112,2,0,1,1.219,8.035456
112,2,0,2,0.897,15.661864
113,0,0,0,1.433,5.091992
113,0,0,1,1.209,7.962248
113,0,0,2,0.897,16.125696
113,1,0,0,1.433,4.818592
113,1,0,1,1.209,7.9708
113,1,0,2,0.897,16.121136
113,2,0,0,1.433,5.307776
113,2,0,1,1.209,8.35024
113,2,0,2,0.897,16.154552
114,0,0,0,1.531,4.964704
114,0,0,1,1.225,8.103208
114,0,0,2,0.898,16.757272
114,1,0,0,1.531,5.151568
114,1,0,1,1.225,8.024728
114,1,0,2,0.898,15.954768
114,2,0,0,1.531,4.993936
114,2,0,1,1.225,8.014576
114,2,0,2,0.898,15.78284
115,0,0,0,1.551,4.975712
115,0,0,1,1.234,8.145664
115,0,0,2,0.912,16.095
115,1,0,0,1.551,5.212064
115,1,0,1,1.234,8.0268
115,1,0,2,0.912,16.063744
115,2,0,0,1.551,4.933768
115,2,0,1,1.234,8.24292
115,2,0,2,0.912,16.268376
116,0,0,0,1.578,5.127168
116,0,0,1,1.263,8.392776
116,0,0,2,0.935,16.629952
116,1,0,0,1.578,4.993032
116,1,0,1,1.263,8.058696
116,1,0,2,0.935,15.98888
116,2,0,0,1.578,4.956312
116,2,0,1,1.263,7.982784
116,2,0,2,0.935,15.91116
117,0,0,0,1.642,4.739936
117,0,0,1,1.301,7.642288
117,0,0,2,0.955,15.116632
117,1,0,0,1.642,5.042416
117,1,0,1,1.301,8.0286
117,1,0,2,0.955,16.093304
117,2,0,0,1.642,5.155736
117,2,0,1,1.301,7.917632
117,2,0,2,0.955,16.328352
118,0,0,0,1.628,4.846128
118,0,0,1,1.315,7.806664
118,0,0,2,0.953,15.971816
118,1,0,0,1.628,5.01356
118,1,0,1,1.315,7.984264
118,1,0,2,0.953,15.815104
118,2,0,0,1.628,5.088216
118,2,0,1,1.315,7.852096
118,2,0,2,0.953,15.90472
119,0,0,0,1.552,4.922112
119,0,0,1,1.275,7.967952
119,0,0,2,0.942,15.611952
119,1,0,0,1.552,4.931712
119,1,0,1,1.275,7.977312
119,1,0,2,0.942,16.05476
119,2,0,0,1.552,5.023016
119,2,0,1,1.275,8.270624
119,2,0,2,0.942,16.519744
120,0,0,0,1.539,5.081368
120,0,0,1,1.267,8.248944
120,0,0,2,0.93,16.42628
120,1,0,0,1.539,4.929688
120,1,0,1,1.267,7.96788
120,1,0,2,0.93,15.97504
120,2,0,0,1.539,4.615432
120,2,0,1,1.267,8.009192
120,2,0,2,0.93,15.855872
121,0,0,0,1.528,5.03852
121,0,0,1,1.263,7.942864
121,0,0,2,0.937,15.568608
121,1,0,0,1.528,5.007624
121,1,0,1,1.263,8.178184
121,1,0,2,0.937,16.12856
121,2,0,0,1.528,4.82656
121,2,0,1,1.263,7.84076
121,2,0,2,0.937,15.970096
122,0,0,0,1.523,5.13072
122,0,0,1,1.25,8.182912
122,0,0,2,0.922,16.540488
122,1,0,0,1.523,4.953968
122,1,0,1,1.25,7.98084
122,1,0,2,0.922,15.974144
122,2,0,0,1.523,4.872504
122,2,0,1,1.25,7.488048
122,2,0,2,0.922,15.354848
123,0,0,0,1.531,5.0036
123,0,0,1,1.253,7.97472
123,0,0,2,0.93,15.944816
123,1,0,0,1.531,4.925752
123,1,0,1,1.253,7.937824
123,1,0,2,0.93,16.049376
123,2,0,0,1.531,5.421944
123,2,0,1,1.253,8.146784
123,2,0,2,0.93,15.990576
124,0,0,0,1.535,5.058872
124,0,0,1,1.253,8.132496
124,0,0,2,0.921,16.829664
124,1,0,0,1.535,5.036672
124,1,0,1,1.253,8.05348
124,1,0,2,0.921,16.234688
124,2,0,0,1.535,5.100576
124,2,0,1,1.253,8.262928
124,2,0,2,0.921,16.084272
125,0,0,0,1.553,4.950904
125,0,0,1,1.279,7.802048
125,0,0,2,0.946,15.593472
125,1,0,0,1.553,4.992768
125,1,0,1,1.279,8.058008
125,1,0,2,0.946,16.14656
125,2,0,0,1.553,4.771624
125,2,0,1,1.279,8.120248
125,2,0,2,0.946,16.163976
126,0,0,0,1.555,5.051232
126,0,0,1,1.271,8.145664
126,0,0,2,0.942,16.225088
126,1,0,0,1.555,4.969472
126,1,0,1,1.271,7.964992
126,1,0,2,0.942,16.00064
126,2,0,0,1.555,4.961208
126,2,0,1,1.271,7.762968
126,2,0,2,0.942,15.69988
127,0,0,0,1.566,4.988048
127,0,0,1,1.289,7.975072
127,0,0,2,0.957,15.37764
127,1,0,0,1.566,5.135376
127,1,0,1,1.289,7.875776
127,1,0,2,0.957,15.598256
127,2,0,0,1.566,5.1772
127,2,0,1,1.289,8.302016
127,2,0,2,0.957,16.530544
128,0,0,0,1.58,4.966384
128,0,0,1,1.281,7.987416
128,0,0,2,0.949,16.088288
128,1,0,0,1.58,5.293472
128,1,0,1,1.281,8.01824
128,1,0,2,0.949,15.724032
128,2,0,0,1.58,4.80496
128,2,0,1,1.281,8.00408
128,2,0,2,0.949,15.909464
129,0,0,0,1.564,4.84988
129,0,0,1,1.278,7.679856
129,0,0,2,0.947,15.265536
129,1,0,0,1.564,4.903528
129,1,0,1,1.278,8.076472
129,1,0,2,0.947,16.209136
129,2,0,0,1.564,5.033424
129,2,0,1,1.278,8.220448
129,2,0,2,0.947,16.35756
130,0,0,0,1.532,5.055664
130,0,0,1,1.257,8.138496
130,0,0,2,0.933,16.450488
130,1,0,0,1.532,4.947528
130,1,0,1,1.257,8.254424
130,1,0,2,0.933,16.12072
130,2,0,0,1.532,4.875368
130,2,0,1,1.257,7.809184
130,2,0,2,0.933,15.886352
131,0,0,0,1.533,5.144216
131,0,0,1,1.27,8.05016
131,0,0,2,0.93,16.226608
131,1,0,0,1.533,4.938904
131,1,0,1,1.27,8.209392
131,1,0,2,0.93,16.18904
131,2,0,0,1.533,5.192656
131,2,0,1,1.27,7.735232
131,2,0,2,0.93,15.91444
132,0,0,0,1.571,5.0862
132,0,0,1,1.28,8.099672
132,0,0,2,0.94,16.682168
132,1,0,0,1.571,5.047392
132,1,0,1,1.28,7.9872
132,1,0,2,0.94,16.508208
132,2,0,0,1.571,5.102056
132,2,0,1,1.28,7.94512
132,2,0,2,0.94,15.697944
133,0,0,0,1.591,4.84188
133,0,0,1,1.3,7.737928
133,0,0,2,0.958,15.295232
133,1,0,0,1.591,4.86064
133,1,0,1,1.3,7.476312
133,1,0,2,0.958,15.75188
133,2,0,0,1.591,4.885
133,2,0,1,1.3,8.22792
133,2,0,2,0.958,16.236184
134,0,0,0,1.488,4.93812
134,0,0,1,1.271,8.1006
134,0,0,2,0.939,16.260936
134,1,0,0,1.488,4.88868
134,1,0,1,1.271,7.86856
134,1,0,2,0.939,15.585912
134,2,0,0,1.488,4.825144
134,2,0,1,1.271,7.90748
134,2,0,2,0.939,15.942024
135,0,0,0,1.46,4.95588
135,0,0,1,1.262,8.003416
135,0,0,2,0.939,15.57768
135,1,0,0,1.46,5.281704
135,1,0,1,1.262,8.320952
135,1,0,2,0.939,16.536496
135,2,0,0,1.46,5.244296
135,2,0,1,1.262,8.175176
135,2,0,2,0.939,16.324464
136,0,0,0,1.594,5.067848
136,0,0,1,1.265,8.164408
136,0,0,2,0.924,16.611632
136,1,0,0,1.594,4.847112
136,1,0,1,1.265,7.541888
136,1,0,2,0.924,15.254352
136,2,0,0,1.594,5.018568
136,2,0,1,1.265,8.062584
136,2,0,2,0.924,15.814408
137,0,0,0,1.603,4.954816
137,0,0,1,1.249,7.870392
137,0,0,2,0.931,15.773928
137,1,0,0,1.603,4.860184
137,1,0,1,1.249,7.845576
137,1,0,2,0.931,15.260072
137,2,0,0,1.603,4.959128
137,2,0,1,1.249,8.187416
137,2,0,2,0.931,16.210816
138,0,0,0,1.542,5.058304
138,0,0,1,1.25,8.220504
138,0,0,2,0.925,16.279968
138,1,0,0,1.542,4.851864
138,1,0,1,1.25,7.912008
138,1,0,2,0.925,15.661712
138,2,0,0,1.542,4.929392
138,2,0,1,1.25,7.894968
138,2,0,2,0.925,15.769584
139,0,0,0,1.532,5.018024
139,0,0,1,1.258,8.053736
139,0,0,2,0.936,15.564576
139,1,0,0,1.532,4.945304
139,1,0,1,1.258,8.169936
139,1,0,2,0.936,16.15184
139,2,0,0,1.532,5.32648
139,2,0,1,1.258,8.111176
139,2,0,2,0.936,16.187608
140,0,0,0,1.521,5.078136
140,0,0,1,1.241,8.17932
140,0,0,2,0.913,16.863752
140,1,0,0,1.521,5.005072
140,1,0,1,1.241,8.20444
140,1,0,2,0.913,15.982664
140,2,0,0,1.521,5.164992
140,2,0,1,1.241,8.06748
140,2,0,2,0.913,15.881256
141,0,0,0,1.514,4.958928
141,0,0,1,1.232,7.736408
141,0,0,2,0.92,15.89516
141,1,0,0,1.514,5.023512
141,1,0,1,1.232,8.257944
141,1,0,2,0.92,16.345152
141,2,0,0,1.514,4.953496
141,2,0,1,1.232,7.89784
141,2,0,2,0.92,16.235936
142,0,0,0,1.52,5.054296
142,0,0,1,1.253,8.091256
142,0,0,2,0.927,16.478016
142,1,0,0,1.52,5.071536
142,1,0,1,1.253,7.954056
142,1,0,2,0.927,16.08316
142,2,0,0,1.52,4.801648
142,2,0,1,1.253,7.836272
142,2,0,2,0.927,15.92428
143,0,0,0,1.54,4.929384
143,0,0,1,1.27,7.887752
143,0,0,2,0.941,15.521288
143,1,0,0,1.54,5.10036
143,1,0,1,1.27,8.029032
143,1,0,2,0.941,16.230544
143,2,0,0,1.54,4.98716
143,2,0,1,1.27,8.149008
143,2,0,2,0.941,16.2656
144,0,0,0,1.533,5.029816
144,0,0,1,1.261,8.097864
144,0,0,2,0.936,16.140752
144,1,0,0,1.533,5.189208
144,1,0,1,1.261,7.905192
144,1,0,2,0.936,16.061096
144,2,0,0,1.533,4.956104
144,2,0,1,1.261,7.884232
144,2,0,2,0.936,15.95292
145,0,0,0,1.526,4.970784
145,0,0,1,1.258,7.950792
145,0,0,2,0.937,15.537792
145,1,0,0,1.526,5.12088
145,1,0,1,1.258,8.05096
145,1,0,2,0.937,16.327992
145,2,0,0,1.526,5.055912
145,2,0,1,1.258,8.030056
145,2,0,2,0.937,16.228272
146,0,0,0,1.532,5.100664
146,0,0,1,1.257,8.096664
146,0,0,2,0.931,16.330504
146,1,0,0,1.532,5.049968
146,1,0,1,1.257,8.104704
146,1,0,2,0.931,16.233344
146,2,0,0,1.532,4.98584
146,2,0,1,1.257,7.75496
146,2,0,2,0.931,15.846072
147,0,0,0,1.546,4.943744
147,0,0,1,1.281,7.805736
147,0,0,2,0.954,15.333072
147,1,0,0,1.546,5.11012
147,1,0,1,1.281,8.09848
147,1,0,2,0.954,16.314256
147,2,0,0,1.546,5.028768
147,2,0,1,1.281,8.080544
147,2,0,2,0.954,16.148736
148,0,0,0,1.546,5.073016
148,0,0,1,1.259,8.200152
148,0,0,2,0.935,16.505896
148,1,0,0,1.546,4.89564
148,1,0,1,1.259,7.882424
148,1,0,2,0.935,15.818464
148,2,0,0,1.546,4.83272
148,2,0,1,1.259,8.110568
148,2,0,2,0.935,15.878608
149,0,0,0,1.57,4.950656
149,0,0,1,1.271,7.919832
149,0,0,2,0.958,15.314072
149,1,0,0,1.57,4.771304
149,1,0,1,1.271,7.992944
149,1,0,2,0.958,15.965904
149,2,0,0,1.57,5.057544
149,2,0,1,1.271,8.210496
149,2,0,2,0.958,16.063072
150,0,0,0,1.566,4.92292
150,0,0,1,1.276,7.906912
150,0,0,2,0.938,16.316752
150,1,0,0,1.566,4.979368
150,1,0,1,1.276,8.087584
150,1,0,2,0.938,15.863232
150,2,0,0,1.566,5.078592
150,2,0,1,1.276,7.988416
150,2,0,2,0.938,15.845152
151,0,0,0,1.538,4.961664
151,0,0,1,1.261,7.847528
151,0,0,2,0.923,16.206112
151,1,0,0,1.538,5.006376
151,1,0,1,1.261,8.161336
151,1,0,2,0.923,16.001024
151,2,0,0,1.538,5.004696
151,2,0,1,1.261,8.050456
151,2,0,2,0.923,16.33724
152,0,0,0,1.531,5.061032
152,0,0,1,1.249,8.071848
152,0,0,2,0.918,16.78972
152,1,0,0,1.531,4.834728
152,1,0,1,1.249,7.987624
152,1,0,2,0.918,15.805888
152,2,0,0,1.531,5.119848
152,2,0,1,1.249,7.90756
152,2,0,2,0.918,16.210152
153,0,0,0,1.539,5.008504
153,0,0,1,1.269,7.97808
153,0,0,2,0.95,15.264928
153,1,0,0,1.539,5.015232
153,1,0,1,1.269,8.162792
153,1,0,2,0.95,16.333328
153,2,0,0,1.539,5.260496
153,2,0,1,1.269,8.040408
153,2,0,2,0.95,16.486112
154,0,0,0,1.532,4.99308
154,0,0,1,1.255,8.189392
154,0,0,2,0.938,15.984016
154,1,0,0,1.532,5.124008
154,1,0,1,1.255,7.972928
154,1,0,2,0.938,15.983376
154,2,0,0,1.532,4.712696
154,2,0,1,1.255,7.942616
154,2,0,2,0.938,15.709896
155,0,0,0,1.525,4.963768
155,0,0,1,1.269,7.86608
155,0,0,2,0.937,15.523824
155,1,0,0,1.525,5.016912
155,1,0,1,1.269,8.142288
155,1,0,2,0.937,16.136688
155,2,0,0,1.525,4.917872
155,2,0,1,1.269,8.089344
155,2,0,2,0.937,15.750448
156,0,0,0,1.525,5.118704
156,0,0,1,1.254,8.232976
156,0,0,2,0.92,16.656312
156,1,0,0,1.525,4.906424
156,1,0,1,1.254,7.878264
156,1,0,2,0.92,15.83908
156,2,0,0,1.525,4.741688
156,2,0,1,1.254,7.8304
156,2,0,2,0.92,15.545296
157,0,0,0,1.535,4.981664
157,0,0,1,1.254,7.914888
157,0,0,2,0.942,15.602824
157,1,0,0,1.535,5.084944
157,1,0,1,1.254,8.021384
157,1,0,2,0.942,16.125352
157,2,0,0,1.535,4.915968
157,2,0,1,1.254,7.918512
157,2,0,2,0.942,16.02064
158,0,0,0,1.536,5.09756
158,0,0,1,1.265,8.059584
158,0,0,2,0.921,16.882776
158,1,0,0,1.536,4.968728
158,1,0,1,1.265,7.952944
158,1,0,2,0.921,16.081912
158,2,0,0,1.536,4.973592
158,2,0,1,1.265,7.981296
158,2,0,2,0.921,15.86968
159,0,0,0,1.561,5.014224
159,0,0,1,1.297,7.9068
159,0,0,2,0.935,16.251528
159,1,0,0,1.561,4.902464
159,1,0,1,1.297,8.156472
159,1,0,2,0.935,16.413808
159,2,0,0,1.561,5.035832
159,2,0,1,1.297,8.081784
159,2,0,2,0.935,16.254576
160,0,0,0,1.573,4.9212
160,0,0,1,1.282,8.04648
160,0,0,2,0.934,16.440048
160,1,0,0,1.573,5.001368
160,1,0,1,1.282,7.871816
160,1,0,2,0.934,15.53352
160,2,0,0,1.573,5.20084
160,2,0,1,1.282,7.91468
160,2,0,2,0.934,15.834368
161,0,0,0,1.567,4.897456
161,0,0,1,1.258,7.89188
161,0,0,2,0.957,15.14396
161,1,0,0,1.567,4.882216
161,1,0,1,1.258,7.695368
161,1,0,2,0.957,15.813584
161,2,0,0,1.567,5.277864
161,2,0,1,1.258,8.071744
161,2,0,2,0.957,16.199384
162,0,0,0,1.563,5.016032
162,0,0,1,1.28,8.074496
162,0,0,2,0.944,16.122936
162,1,0,0,1.563,5.14652
162,1,0,1,1.28,7.8378
162,1,0,2,0.944,15.772528
162,2,0,0,1.563,4.748992
162,2,0,1,1.28,8.018968
162,2,0,2,0.944,15.87736
163,0,0,0,1.555,4.975032
163,0,0,1,1.29,7.915872
163,0,0,2,0.953,15.258664
163,1,0,0,1.555,5.442752
163,1,0,1,1.29,8.403728
163,1,0,2,0.953,16.545568
163,2,0,0,1.555,4.888016
163,2,0,1,1.29,8.13664
163,2,0,2,0.953,16.142416
164,0,0,0,1.55,5.096008
164,0,0,1,1.274,8.312496
164,0,0,2,0.942,16.317464
164,1,0,0,1.55,5.144416
164,1,0,1,1.274,8.19932
164,1,0,2,0.942,16.18528
164,2,0,0,1.55,4.914024
164,2,0,1,1.274,7.887912
164,2,0,2,0.942,15.868008
165,0,0,0,1.563,5.140112
165,0,0,1,1.279,8.083088
165,0,0,2,0.953,15.848256
165,1,0,0,1.563,5.04428
165,1,0,1,1.279,7.92504
165,1,0,2,0.953,16.0042
165,2,0,0,1.563,5.111312
165,2,0,1,1.279,8.050312
165,2,0,2,0.953,16.255952
166,0,0,0,1.606,4.946464
166,0,0,1,1.299,7.933496
166,0,0,2,0.945,16.7042
166,1,0,0,1.606,4.895096
166,1,0,1,1.299,7.855208
166,1,0,2,0.945,16.172792
166,2,0,0,1.606,4.982976
166,2,0,1,1.299,7.871808
166,2,0,2,0.945,15.849632
167,0,0,0,1.599,4.589272
167,0,0,1,1.302,7.521968
167,0,0,2,0.953,15.194048
167,1,0,0,1.599,4.9712
167,1,0,1,1.302,8.242968
167,1,0,2,0.953,16.597256
167,2,0,0,1.599,5.243568
167,2,0,1,1.302,8.007008
167,2,0,2,0.953,16.176576
168,0,0,0,1.53,5.032712
168,0,0,1,1.248,8.233168
168,0,0,2,0.92,16.575416
168,1,0,0,1.53,4.725672
168,1,0,1,1.248,7.877352
168,1,0,2,0.92,15.372856
168,2,0,0,1.53,4.931472
168,2,0,1,1.248,8.040264
168,2,0,2,0.92,16.166872
169,0,0,0,1.51,5.071288
169,0,0,1,1.235,8.085696
169,0,0,2,0.934,15.517848
169,1,0,0,1.51,4.934912
169,1,0,1,1.235,8.219752
169,1,0,2,0.934,15.996288
169,2,0,0,1.51,5.039248
169,2,0,1,1.235,8.3298
169,2,0,2,0.934,16.23984
170,0,0,0,1.498,5.161808
170,0,0,1,1.238,7.978072
170,0,0,2,0.917,16.63288
170,1,0,0,1.498,5.014984
170,1,0,1,1.238,7.839112
170,1,0,2,0.917,15.888448
170,2,0,0,1.498,5.334568
170,2,0,1,1.238,8.737768
170,2,0,2,0.917,16.510784
171,0,0,0,1.504,5.075304
171,0,0,1,1.247,7.8504
171,0,0,2,0.931,15.641976
171,1,0,0,1.504,4.945472
171,1,0,1,1.247,7.663072
171,1,0,2,0.931,15.518496
171,2,0,0,1.504,5.263408
171,2,0,1,1.247,8.380016
171,2,0,2,0.931,17.777056
172,0,0,0,1.532,5.30184
172,0,0,1,1.263,8.469472
172,0,0,2,0.924,16.957496
172,1,0,0,1.532,4.996208
172,1,0,1,1.263,8.12584
172,1,0,2,0.924,15.570304
172,2,0,0,1.532,3.952384
172,2,0,1,1.263,6.51148
172,2,0,2,0.924,14.158768
173,0,0,0,1.592,4.936272
173,0,0,1,1.306,7.96488
173,0,0,2,0.96,15.632976
173,1,0,0,1.592,4.915464
173,1,0,1,1.306,8.07644
173,1,0,2,0.96,15.87664
173,2,0,0,1.592,4.67112
173,2,0,1,1.306,7.383232
173,2,0,2,0.96,14.49308
174,0,0,0,1.606,4.729864
174,0,0,1,1.309,7.808224
174,0,0,2,0.951,15.860048
174,1,0,0,1.606,4.948336
174,1,0,1,1.309,7.88356
174,1,0,2,0.951,16.092176
174,2,0,0,1.606,5.752256
174,2,0,1,1.309,9.05648
174,2,0,2,0.951,17.2016
175,0,0,0,1.581,4.8788
175,0,0,1,1.291,7.889168
175,0,0,2,0.953,15.416312
175,1,0,0,1.581,5.02024
175,1,0,1,1.291,7.801592
175,1,0,2,0.953,16.109168
175,2,0,0,1.581,4.786008
175,2,0,1,1.291,7.813216
175,2,0,2,0.953,16.073576
176,0,0,0,1.557,5.063224
176,0,0,1,1.276,8.10712
176,0,0,2,0.924,16.899088
176,1,0,0,1.557,4.838848
176,1,0,1,1.276,7.869232
176,1,0,2,0.924,15.722464
176,2,0,0,1.557,4.636856
176,2,0,1,1.276,7.540656
176,2,0,2,0.924,14.7736
177,0,0,0,1.545,4.996936
177,0,0,1,1.269,7.789752
177,0,0,2,0.933,15.884408
177,1,0,0,1.545,5.287008
177,1,0,1,1.269,8.02168
177,1,0,2,0.933,16.10796
177,2,0,0,1.545,5.027608
177,2,0,1,1.269,7.810232
177,2,0,2,0.933,15.680416
178,0,0,0,1.538,5.084856
178,0,0,1,1.246,8.132672
178,0,0,2,0.929,16.507424
178,1,0,0,1.538,5.185464
178,1,0,1,1.246,8.081408
178,1,0,2,0.929,16.072944
178,2,0,0,1.538,4.987176
178,2,0,1,1.246,8.062464
178,2,0,2,0.929,16.149336
179,0,0,0,1.536,4.974136
179,0,0,1,1.261,7.859568
179,0,0,2,0.952,15.261856
179,1,0,0,1.536,4.759544
179,1,0,1,1.261,7.997912
179,1,0,2,0.952,16.150368
179,2,0,0,1.536,5.201888
179,2,0,1,1.261,8.032864
179,2,0,2,0.952,16.4714
180,0,0,0,1.535,5.058944
180,0,0,1,1.265,8.256104
180,0,0,2,0.929,16.45456
180,1,0,0,1.535,4.939872
180,1,0,1,1.265,8.107176
180,1,0,2,0.929,15.949432
180,2,0,0,1.535,5.18776
180,2,0,1,1.265,8.086904
180,2,0,2,0.929,16.0848
181,0,0,0,1.541,4.949968
181,0,0,1,1.275,8.026688
181,0,0,2,0.937,15.79704
181,1,0,0,1.541,5.157856
181,1,0,1,1.275,8.21716
181,1,0,2,0.937,16.505832
181,2,0,0,1.541,5.248096
181,2,0,1,1.275,8.06976
181,2,0,2,0.937,16.25188
182,0,0,0,1.542,5.08384
182,0,0,1,1.263,8.114384
182,0,0,2,0.93,16.50536
182,1,0,0,1.542,5.218376
182,1,0,1,1.263,7.98588
182,1,0,2,0.93,16.41276
182,2,0,0,1.542,5.06352
182,2,0,1,1.263,7.931144
182,2,0,2,0.93,15.819008
183,0,0,0,1.549,4.914864
183,0,0,1,1.275,7.690536
183,0,0,2,0.956,15.144384
183,1,0,0,1.549,5.072768
183,1,0,1,1.275,8.1778
183,1,0,2,0.956,16.419304
183,2,0,0,1.549,4.931936
183,2,0,1,1.275,7.807968
183,2,0,2,0.956,16.022384
184,0,0,0,1.542,5.042384
184,0,0,1,1.263,8.127904
184,0,0,2,0.934,16.256408
184,1,0,0,1.542,4.897832
184,1,0,1,1.263,8.054768
184,1,0,2,0.934,16.245368
184,2,0,0,1.542,4.772216
184,2,0,1,1.263,8.197096
184,2,0,2,0.934,15.957688
185,0,0,0,1.547,4.914696
185,0,0,1,1.273,7.887296
185,0,0,2,0.946,15.627184
185,1,0,0,1.547,4.976712
185,1,0,1,1.273,8.098728
185,1,0,2,0.946,16.782824
185,2,0,0,1.547,4.934704
185,2,0,1,1.273,8.307776
185,2,0,2,0.946,16.138784
186,0,0,0,1.547,4.998576
186,0,0,1,1.264,8.063464
186,0,0,2,0.926,16.709944
186,1,0,0,1.547,5.018112
186,1,0,1,1.264,7.889456
186,1,0,2,0.926,15.779384
186,2,0,0,1.547,5.103688
186,2,0,1,1.264,8.357904
186,2,0,2,0.926,16.000424
187,0,0,0,1.538,4.993
187,0,0,1,1.248,7.842144
187,0,0,2,0.946,15.441816
187,1,0,0,1.538,5.07348
187,1,0,1,1.248,7.946424
187,1,0,2,0.946,15.674128
187,2,0,0,1.538,5.102928
187,2,0,1,1.248,7.957328
187,2,0,2,0.946,16.27424
188,0,0,0,1.54,5.123288
188,0,0,1,1.25,8.203648
188,0,0,2,0.931,16.532312
188,1,0,0,1.54,4.873224
188,1,0,1,1.25,7.900368
188,1,0,2,0.931,15.26792
188,2,0,0,1.54,4.88132
188,2,0,1,1.25,7.862808
188,2,0,2,0.931,15.87484
189,0,0,0,1.542,4.956144
189,0,0,1,1.266,7.82804
189,0,0,2,0.946,15.58588
189,1,0,0,1.542,4.98516
189,1,0,1,1.266,7.88256
189,1,0,2,0.946,15.735544
189,2,0,0,1.542,5.085144
189,2,0,1,1.266,7.87556
189,2,0,2,0.946,16.102552
190,0,0,0,1.539,5.072464
190,0,0,1,1.272,8.260016
190,0,0,2,0.92,16.812808
190,1,0,0,1.539,4.993968
190,1,0,1,1.272,8.133
190,1,0,2,0.92,16.019424
190,2,0,0,1.539,4.946136
190,2,0,1,1.272,8.013144
190,2,0,2,0.92,15.867872
191,0,0,0,1.547,4.9702
191,0,0,1,1.281,7.899936
191,0,0,2,0.94,15.869376
191,1,0,0,1.547,4.888256
191,1,0,1,1.281,8.072984
191,1,0,2,0.94,15.966272
191,2,0,0,1.547,5.106248
191,2,0,1,1.281,8.09264
191,2,0,2,0.94,16.15764
192,0,0,0,1.543,5.051024
192,0,0,1,1.261,8.019192
192,0,0,2,0.929,16.54168
192,1,0,0,1.543,4.983896
192,1,0,1,1.261,7.853328
192,1,0,2,0.929,16.033832
192,2,0,0,1.543,4.904384
192,2,0,1,1.261,8.135176
192,2,0,2,0.929,15.989816
193,0,0,0,1.544,4.939912
193,0,0,1,1.282,7.893416
193,0,0,2,0.937,15.59052
193,1,0,0,1.544,4.909608
193,1,0,1,1.282,7.760672
193,1,0,2,0.937,16.069888
193,2,0,0,1.544,4.936952
193,2,0,1,1.282,7.993608
193,2,0,2,0.937,16.14124
194,0,0,0,1.546,5.04928
194,0,0,1,1.259,8.309648
194,0,0,2,0.932,16.291848
194,1,0,0,1.546,5.028552
194,1,0,1,1.259,7.987176
194,1,0,2,0.932,15.95816
194,2,0,0,1.546,5.03508
194,2,0,1,1.259,8.218232
194,2,0,2,0.932,15.925528
195,0,0,0,1.543,4.95204
195,0,0,1,1.25,7.966944
195,0,0,2,0.947,15.583184
195,1,0,0,1.543,5.094416
195,1,0,1,1.25,8.263832
195,1,0,2,0.947,16.341512
195,2,0,0,1.543,5.391016
195,2,0,1,1.25,8.153912
195,2,0,2,0.947,16.741504
196,0,0,0,1.545,5.055736
196,0,0,1,1.267,8.277256
196,0,0,2,0.929,16.431144
196,1,0,0,1.545,4.996912
196,1,0,1,1.267,7.94232
196,1,0,2,0.929,15.838664
196,2,0,0,1.545,4.999744
196,2,0,1,1.267,7.733224
196,2,0,2,0.929,15.714072
197,0,0,0,1.546,4.954296
197,0,0,1,1.266,7.892624
197,0,0,2,0.956,15.139216
197,1,0,0,1.546,5.208456
197,1,0,1,1.266,8.20016
197,1,0,2,0.956,16.385424
197,2,0,0,1.546,5.04872
197,2,0,1,1.266,8.128504
197,2,0,2,0.956,16.182104
198,0,0,0,1.547,5.01732
198,0,0,1,1.27,7.9516
198,0,0,2,0.926,16.872064
198,1,0,0,1.547,4.846152
198,1,0,1,1.27,7.882024
198,1,0,2,0.926,15.708336
198,2,0,0,1.547,4.917512
198,2,0,1,1.27,7.787808
198,2,0,2,0.926,15.543208
199,0,0,0,1.54,4.973864
199,0,0,1,1.286,7.880632
199,0,0,2,0.935,15.940896
199,1,0,0,1.54,5.015704
199,1,0,1,1.286,8.06616
199,1,0,2,0.935,16.038616
199,2,0,0,1.54,4.918968
199,2,0,1,1.286,8.002488
199,2,0,2,0.935,15.789776
200,0,0,0,1.557,5.042584
200,0,0,1,1.271,8.034488
200,0,0,2,0.942,16.108968
200,1,0,0,1.557,5.059
200,1,0,1,1.271,8.28012
200,1,0,2,0.942,15.86236
200,2,0,0,1.557,4.858416
200,2,0,1,1.271,8.074384
200,2,0,2,0.942,16.246824
201,0,0,0,1.566,5.048528
201,0,0,1,1.278,8.011112
201,0,0,2,0.946,15.767536
201,1,0,0,1.566,4.977144
201,1,0,1,1.278,8.181608
201,1,0,2,0.946,16.21612
201,2,0,0,1.566,5.441032
201,2,0,1,1.278,8.308216
201,2,0,2,0.946,16.698536
202,0,0,0,1.597,5.151864
202,0,0,1,1.295,8.237512
202,0,0,2,0.951,16.6662
202,1,0,0,1.597,5.107616
202,1,0,1,1.295,8.046256
202,1,0,2,0.951,16.287344
202,2,0,0,1.597,4.736992
202,2,0,1,1.295,7.689312
202,2,0,2,0.951,15.6256
203,0,0,0,1.629,4.907584
203,0,0,1,1.334,7.952528
203,0,0,2,0.968,15.538664
203,1,0,0,1.629,4.835672
203,1,0,1,1.334,7.73488
203,1,0,2,0.968,16.217976
203,2,0,0,1.629,4.97044
203,2,0,1,1.334,8.019952
203,2,0,2,0.968,16.007552
204,0,0,0,1.617,4.763608
204,0,0,1,1.317,7.86076
204,0,0,2,0.958,15.62484
204,1,0,0,1.617,4.823008
204,1,0,1,1.317,7.77004
204,1,0,2,0.958,15.909016
204,2,0,0,1.617,4.544264
204,2,0,1,1.317,7.531552
204,2,0,2,0.958,15.521064
205,0,0,0,1.565,4.90364
205,0,0,1,1.286,7.714536
205,0,0,2,0.958,15.211248
205,1,0,0,1.565,5.120352
205,1,0,1,1.286,8.149368
205,1,0,2,0.958,16.383704
205,2,0,0,1.565,4.85048
205,2,0,1,1.286,7.97052
205,2,0,2,0.958,15.609472
206,0,0,0,1.554,5.2416
206,0,0,1,1.259,8.3894
206,0,0,2,0.936,16.825368
206,1,0,0,1.554,4.969576
206,1,0,1,1.259,7.983736
206,1,0,2,0.936,15.924248
206,2,0,0,1.554,5.18212
206,2,0,1,1.259,8.167536
206,2,0,2,0.936,16.172512
207,0,0,0,1.584,5.047832
207,0,0,1,1.275,7.889648
207,0,0,2,0.941,16.072592
207,1,0,0,1.584,5.117952
207,1,0,1,1.275,8.188792
207,1,0,2,0.941,16.438024
207,2,0,0,1.584,5.21556
207,2,0,1,1.275,8.059624
207,2,0,2,0.941,16.40304
208,0,0,0,1.587,5.057048
208,0,0,1,1.306,8.197424
208,0,0,2,0.947,16.337752
208,1,0,0,1.587,5.065136
208,1,0,1,1.306,7.938728
208,1,0,2,0.947,15.454704
208,2,0,0,1.587,5.049048
208,2,0,1,1.306,7.7544
208,2,0,2,0.947,15.344056
209,0,0,0,1.594,4.788912
209,0,0,1,1.312,7.931248
209,0,0,2,0.969,14.989176
209,1,0,0,1.594,5.171024
209,1,0,1,1.312,7.816296
209,1,0,2,0.969,15.61
209,2,0,0,1.594,5.134272
209,2,0,1,1.312,8.079216
209,2,0,2,0.969,16.086096
210,0,0,0,1.55,4.901104
210,0,0,1,1.27,7.9028
210,0,0,2,0.932,16.279304
210,1,0,0,1.55,5.176168
210,1,0,1,1.27,8.069656
210,1,0,2,0.932,15.797696
210,2,0,0,1.55,5.16488
210,2,0,1,1.27,8.337312
210,2,0,2,0.932,16.39032
211,0,0,0,1.519,4.964256
211,0,0,1,1.248,7.788912
211,0,0,2,0.93,15.839984
211,1,0,0,1.519,4.844048
211,1,0,1,1.248,8.204328
211,1,0,2,0.93,16.208064
211,2,0,0,1.519,4.873984
211,2,0,1,1.248,7.954864
211,2,0,2,0.93,16.501256
212,0,0,0,1.513,5.107088
212,0,0,1,1.24,8.054152
212,0,0,2,0.92,16.434816
212,1,0,0,1.513,4.880136
212,1,0,1,1.24,8.001992
212,1,0,2,0.92,15.974128
212,2,0,0,1.513,4.966552
212,2,0,1,1.24,8.10352
212,2,0,2,0.92,16.16452
213,0,0,0,1.506,5.058416
213,0,0,1,1.246,7.888032
213,0,0,2,0.937,15.485352
213,1,0,0,1.506,4.899808
213,1,0,1,1.246,7.827544
213,1,0,2,0.937,16.32112
213,2,0,0,1.506,5.110368
213,2,0,1,1.246,8.328536
213,2,0,2,0.937,16.27068
214,0,0,0,1.496,5.093512
214,0,0,1,1.243,8.243352
214,0,0,2,0.915,16.755792
214,1,0,0,1.496,5.021944
214,1,0,1,1.243,7.915528
214,1,0,2,0.915,15.873736
214,2,0,0,1.496,5.168296
214,2,0,1,1.243,8.507456
214,2,0,2,0.915,16.451768
215,0,0,0,1.502,4.980576
215,0,0,1,1.251,7.820112
215,0,0,2,0.923,15.988856
215,1,0,0,1.502,5.376464
215,1,0,1,1.251,8.350552
215,1,0,2,0.923,16.599632
215,2,0,0,1.502,4.3624
215,2,0,1,1.251,7.212256
215,2,0,2,0.923,15.10136
216,0,0,0,1.509,5.079984
216,0,0,1,1.243,8.07324
216,0,0,2,0.923,16.421224
216,1,0,0,1.509,4.98464
216,1,0,1,1.243,7.83732
216,1,0,2,0.923,15.81124
216,2,0,0,1.509,4.66476
216,2,0,1,1.243,7.456976
216,2,0,2,0.923,15.167376
217,0,0,0,1.512,4.953616
217,0,0,1,1.249,7.83976
217,0,0,2,0.932,15.551824
217,1,0,0,1.512,4.852272
217,1,0,1,1.249,8.103696
217,1,0,2,0.932,16.442856
217,2,0,0,1.512,5.03644
217,2,0,1,1.249,7.904904
217,2,0,2,0.932,16.174152
218,0,0,0,1.515,5.121104
218,0,0,1,1.226,8.315352
218,0,0,2,0.925,16.379856
218,1,0,0,1.515,5.291104
218,1,0,1,1.226,8.563376
218,1,0,2,0.925,16.93664
218,2,0,0,1.515,5.00432
218,2,0,1,1.226,7.980424
218,2,0,2,0.925,15.670968
219,0,0,0,1.519,4.96016
219,0,0,1,1.231,8.022488
219,0,0,2,0.925,15.730504
219,1,0,0,1.519,4.941256
219,1,0,1,1.231,7.710152
219,1,0,2,0.925,15.77684
219,2,0,0,1.519,5.19396
219,2,0,1,1.231,8.123584
219,2,0,2,0.925,16.151472
220,0,0,0,1.529,5.031776
220,0,0,1,1.259,8.106944
220,0,0,2,0.92,16.519232
220,1,0,0,1.529,4.758688
220,1,0,1,1.259,7.590224
220,1,0,2,0.92,15.033696
220,2,0,0,1.529,5.178504
220,2,0,1,1.259,8.205136
220,2,0,2,0.92,15.950992
221,0,0,0,1.523,4.964144
221,0,0,1,1.255,7.969344
221,0,0,2,0.922,15.960216
221,1,0,0,1.523,4.450512
221,1,0,1,1.255,7.35088
221,1,0,2,0.922,15.047864
221,2,0,0,1.523,4.962432
221,2,0,1,1.255,8.080192
221,2,0,2,0.922,16.355592
222,0,0,0,1.534,5.093424
222,0,0,1,1.255,8.239912
222,0,0,2,0.921,16.483104
222,1,0,0,1.534,4.83764
222,1,0,1,1.255,8.072256
222,1,0,2,0.921,15.709688
222,2,0,0,1.534,5.011224
222,2,0,1,1.255,8.113864
222,2,0,2,0.921,16.003288
223,0,0,0,1.511,4.968296
223,0,0,1,1.242,7.85844
223,0,0,2,0.923,15.752792
223,1,0,0,1.511,5.947016
223,1,0,1,1.242,9.514352
223,1,0,2,0.923,17.76492
223,2,0,0,1.511,5.106816
223,2,0,1,1.242,8.089656
223,2,0,2,0.923,16.319904
224,0,0,0,1.518,5.022736
224,0,0,1,1.248,8.02772
224,0,0,2,0.925,16.272104
224,1,0,0,1.518,4.854096
224,1,0,1,1.248,7.857288
224,1,0,2,0.925,16.258552
224,2,0,0,1.518,5.09684
224,2,0,1,1.248,8.118384
224,2,0,2,0.925,16.23136
225,0,0,0,1.515,4.919952
225,0,0,1,1.24,7.848248
225,0,0,2,0.92,15.80496
225,1,0,0,1.515,4.460728
225,1,0,1,1.24,6.877472
225,1,0,2,0.92,14.623672
225,2,0,0,1.515,4.92568
225,2,0,1,1.24,7.91368
225,2,0,2,0.92,16.198704
226,0,0,0,1.516,5.085904
226,0,0,1,1.246,8.285184
226,0,0,2,0.914,16.70752
226,1,0,0,1.516,5.047624
226,1,0,1,1.246,8.061096
226,1,0,2,0.914,15.562584
226,2,0,0,1.516,5.093344
226,2,0,1,1.246,8.133264
226,2,0,2,0.914,16.053824
227,0,0,0,1.518,4.879184
227,0,0,1,1.25,7.79384
227,0,0,2,0.93,15.35572
227,1,0,0,1.518,5.200168
227,1,0,1,1.25,8.287848
227,1,0,2,0.93,16.347736
227,2,0,0,1.518,5.776488
227,2,0,1,1.25,9.080256
227,2,0,2,0.93,17.867552
228,0,0,0,1.517,4.889848
228,0,0,1,1.246,8.000568
228,0,0,2,0.93,16.040592
228,1,0,0,1.517,4.990656
228,1,0,1,1.246,7.604472
228,1,0,2,0.93,15.580408
228,2,0,0,1.517,4.436832
228,2,0,1,1.246,7.241096
228,2,0,2,0.93,14.936112
229,0,0,0,1.511,4.942448
229,0,0,1,1.236,7.915912
229,0,0,2,0.928,15.515928
229,1,0,0,1.511,4.988512
229,1,0,1,1.236,7.983768
229,1,0,2,0.928,16.222224
229,2,0,0,1.511,4.480096
229,2,0,1,1.236,7.107288
229,2,0,2,0.928,14.692496
230,0,0,0,1.518,5.085504
230,0,0,1,1.253,8.277888
230,0,0,2,0.932,16.02224
230,1,0,0,1.518,4.931136
230,1,0,1,1.253,8.267872
230,1,0,2,0.932,16.184536
230,2,0,0,1.518,4.8766
230,2,0,1,1.253,7.99472
230,2,0,2,0.932,15.940888
231,0,0,0,1.516,4.953128
231,0,0,1,1.257,7.966648
231,0,0,2,0.929,15.676216
231,1,0,0,1.516,5.033096
231,1,0,1,1.257,8.238304
231,1,0,2,0.929,16.482552
231,2,0,0,1.516,5.13836
231,2,0,1,1.257,8.14932
231,2,0,2,0.929,16.215792
232,0,0,0,1.516,5.072248
232,0,0,1,1.242,7.999664
232,0,0,2,0.923,16.372064
232,1,0,0,1.516,4.969992
232,1,0,1,1.242,7.88052
232,1,0,2,0.923,15.789768
232,2,0,0,1.516,5.224664
232,2,0,1,1.242,8.149272
232,2,0,2,0.923,15.768344
233,0,0,0,1.51,4.997032
233,0,0,1,1.242,7.85508
233,0,0,2,0.924,15.681576
233,1,0,0,1.51,5.231224
233,1,0,1,1.242,8.055016
233,1,0,2,0.924,16.085032
233,2,0,0,1.51,4.956872
233,2,0,1,1.242,7.994712
233,2,0,2,0.924,16.15584
234,0,0,0,1.513,5.103968
234,0,0,1,1.241,8.129512
234,0,0,2,0.917,16.523208
234,1,0,0,1.513,5.0436
234,1,0,1,1.241,8.16048
234,1,0,2,0.917,16.089024
234,2,0,0,1.513,4.974168
234,2,0,1,1.241,7.986592
234,2,0,2,0.917,16.030104
235,0,0,0,1.513,5.05116
235,0,0,1,1.244,7.833856
235,0,0,2,0.922,15.738232
235,1,0,0,1.513,5.3048
235,1,0,1,1.244,8.165096
235,1,0,2,0.922,16.565416
235,2,0,0,1.513,5.076888
235,2,0,1,1.244,8.105152
235,2,0,2,0.922,16.237144
236,0,0,0,1.517,5.097656
236,0,0,1,1.235,8.170072
236,0,0,2,0.924,16.46368
236,1,0,0,1.517,5.1616
236,1,0,1,1.235,7.886672
236,1,0,2,0.924,15.789592
236,2,0,0,1.517,4.973368
236,2,0,1,1.235,8.970184
236,2,0,2,0.924,15.987136
237,0,0,0,1.539,4.978672
237,0,0,1,1.264,7.794424
237,0,0,2,0.932,15.911944
237,1,0,0,1.539,4.963544
237,1,0,1,1.264,7.963456
237,1,0,2,0.932,16.234512
237,2,0,0,1.539,5.153608
237,2,0,1,1.264,8.659432
237,2,0,2,0.932,16.20272
238,0,0,0,1.552,5.005936
238,0,0,1,1.264,8.083752
238,0,0,2,0.931,16.585344
238,1,0,0,1.552,4.560488
238,1,0,1,1.264,8.052888
238,1,0,2,0.931,15.993896
238,2,0,0,1.552,5.059648
238,2,0,1,1.264,7.401704
238,2,0,2,0.931,15.888616
239,0,0,0,1.568,5.02852
239,0,0,1,1.279,8.09444
239,0,0,2,0.939,16.082712
239,1,0,0,1.568,4.8898
239,1,0,1,1.279,8.198368
239,1,0,2,0.939,16.471144
239,2,0,0,1.568,5.080496
239,2,0,1,1.279,7.696368
239,2,0,2,0.939,16.097112
