#chunkId,viewpointId,tileId,visibilityRatio,switchingDecisionTime
0,0,0,1.0,-1
0,1,0,0.0,-1
0,2,0,0.0,-1
1,0,0,1.0,-1
1,1,0,0.0,-1
1,2,0,0.0,-1
2,0,0,1.0,-1
2,1,0,0.0,-1
2,2,0,0.0,-1
3,0,0,1.0,-1
3,1,0,0.0,-1
3,2,0,0.0,-1
4,0,0,1.0,-1
4,1,0,0.0,-1
4,2,0,0.0,-1
5,0,0,1.0,-1
5,1,0,0.0,-1
5,2,0,0.0,-1
6,0,0,1.0,-1
6,1,0,0.0,-1
6,2,0,0.0,-1
7,0,0,1.0,-1
7,1,0,0.0,-1
7,2,0,0.0,-1
8,0,0,1.0,-1
8,1,0,0.0,-1
8,2,0,0.0,-1
9,0,0,1.0,-1
9,1,0,0.0,-1
9,2,0,0.0,-1
10,0,0,1.0,-1
10,1,0,0.0,-1
10,2,0,0.0,-1
11,0,0,1.0,-1
11,1,0,0.0,-1
11,2,0,0.0,-1
12,0,0,1.0,-1
12,1,0,0.0,-1
12,2,0,0.0,-1
13,0,0,1.0,-1
13,1,0,0.0,-1
13,2,0,0.0,-1
14,0,0,1.0,-1
14,1,0,0.0,-1
14,2,0,0.0,-1
15,0,0,1.0,-1
15,1,0,0.0,-1
15,2,0,0.0,-1
16,0,0,1.0,-1
16,1,0,0.0,-1
16,2,0,0.0,-1
17,0,0,1.0,-1
17,1,0,0.0,-1
17,2,0,0.0,-1
18,0,0,1.0,-1
18,1,0,0.0,-1
18,2,0,0.0,-1
19,0,0,1.0,-1
19,1,0,0.0,-1
19,2,0,0.0,-1
20,0,0,1.0,-1
20,1,0,0.0,-1
20,2,0,0.0,-1
21,0,0,1.0,-1
21,1,0,0.0,-1
21,2,0,0.0,-1
22,0,0,1.0,-1
22,1,0,0.0,-1
22,2,0,0.0,-1
23,0,0,1.0,-1
23,1,0,0.0,-1
23,2,0,0.0,-1
24,0,0,1.0,-1
24,1,0,0.0,-1
24,2,0,0.0,-1
25,0,0,1.0,-1
25,1,0,0.0,-1
25,2,0,0.0,-1
26,0,0,1.0,-1
26,1,0,0.0,-1
26,2,0,0.0,-1
27,0,0,1.0,-1
27,1,0,0.0,-1
27,2,0,0.0,-1
28,0,0,1.0,-1
28,1,0,0.0,-1
28,2,0,0.0,-1
29,0,0,1.0,-1
29,1,0,0.0,-1
29,2,0,0.0,-1
30,0,0,1.0,-1
30,1,0,0.0,-1
30,2,0,0.0,-1
31,0,0,1.0,-1
31,1,0,0.0,-1
31,2,0,0.0,-1
32,0,0,1.0,-1
32,1,0,0.0,-1
32,2,0,0.0,-1
33,0,0,1.0,-1
33,1,0,0.0,-1
33,2,0,0.0,-1
34,0,0,1.0,-1
34,1,0,0.0,-1
34,2,0,0.0,-1
35,0,0,1.0,-1
35,1,0,0.0,-1
35,2,0,0.0,-1
36,0,0,1.0,-1
36,1,0,0.0,-1
36,2,0,0.0,-1
37,0,0,1.0,-1
37,1,0,0.0,-1
37,2,0,0.0,-1
38,0,0,1.0,-1
38,1,0,0.0,-1
38,2,0,0.0,-1
39,0,0,1.0,-1
39,1,0,0.0,-1
39,2,0,0.0,-1
40,0,0,1.0,-1
40,1,0,0.0,-1
40,2,0,0.0,-1
41,0,0,1.0,-1
41,1,0,0.0,-1
41,2,0,0.0,-1
42,0,0,1.0,-1
42,1,0,0.0,-1
42,2,0,0.0,-1
43,0,0,1.0,-1
43,1,0,0.0,-1
43,2,0,0.0,-1
44,0,0,1.0,-1
44,1,0,0.0,-1
44,2,0,0.0,-1
45,0,0,1.0,-1
45,1,0,0.0,-1
45,2,0,0.0,-1
46,0,0,1.0,-1
46,1,0,0.0,-1
46,2,0,0.0,-1
47,0,0,1.0,-1
47,1,0,0.0,-1
47,2,0,0.0,-1
48,0,0,1.0,-1
48,1,0,0.0,-1
48,2,0,0.0,-1
49,0,0,1.0,-1
49,1,0,0.0,-1
49,2,0,0.0,-1
50,0,0,1.0,-1
50,1,0,0.0,-1
50,2,0,0.0,-1
51,0,0,1.0,-1
51,1,0,0.0,-1
51,2,0,0.0,-1
52,0,0,1.0,-1
52,1,0,0.0,-1
52,2,0,0.0,-1
53,0,0,1.0,-1
53,1,0,0.0,-1
53,2,0,0.0,-1
54,0,0,1.0,-1
54,1,0,0.0,-1
54,2,0,0.0,-1
55,0,0,1.0,-1
55,1,0,0.0,-1
55,2,0,0.0,-1
56,0,0,1.0,-1
56,1,0,0.0,-1
56,2,0,0.0,-1
57,0,0,1.0,-1
57,1,0,0.0,-1
57,2,0,0.0,-1
58,0,0,1.0,-1
58,1,0,0.0,-1
58,2,0,0.0,-1
59,0,0,1.0,-1
59,1,0,0.0,-1
59,2,0,0.0,-1
60,0,0,1.0,-1
60,1,0,0.0,-1
60,2,0,0.0,-1
61,0,0,1.0,-1
61,1,0,0.0,-1
61,2,0,0.0,-1
62,0,0,1.0,-1
62,1,0,0.0,-1
62,2,0,0.0,-1
63,0,0,1.0,-1
63,1,0,0.0,-1
63,2,0,0.0,-1
64,0,0,1.0,-1
64,1,0,0.0,-1
64,2,0,0.0,-1
65,0,0,1.0,-1
65,1,0,0.0,-1
65,2,0,0.0,-1
66,0,0,1.0,-1
66,1,0,0.0,-1
66,2,0,0.0,-1
67,0,0,1.0,-1
67,1,0,0.0,-1
67,2,0,0.0,-1
68,0,0,1.0,-1
68,1,0,0.0,-1
68,2,0,0.0,-1
69,0,0,1.0,-1
69,1,0,0.0,-1
69,2,0,0.0,-1
70,0,0,1.0,-1
70,1,0,0.0,-1
70,2,0,0.0,-1
71,0,0,1.0,-1
71,1,0,0.0,-1
71,2,0,0.0,-1
72,0,0,1.0,-1
72,1,0,0.0,-1
72,2,0,0.0,-1
73,0,0,1.0,-1
73,1,0,0.0,-1
73,2,0,0.0,-1
74,0,0,1.0,-1
74,1,0,0.0,-1
74,2,0,0.0,-1
75,0,0,1.0,-1
75,1,0,0.0,-1
75,2,0,0.0,-1
76,0,0,1.0,-1
76,1,0,0.0,-1
76,2,0,0.0,-1
77,0,0,1.0,-1
77,1,0,0.0,-1
77,2,0,0.0,-1
78,0,0,1.0,-1
78,1,0,0.0,-1
78,2,0,0.0,-1
79,0,0,1.0,-1
79,1,0,0.0,-1
79,2,0,0.0,-1
80,0,0,1.0,-1
80,1,0,0.0,-1
80,2,0,0.0,-1
81,0,0,1.0,-1
81,1,0,0.0,-1
81,2,0,0.0,-1
82,0,0,1.0,-1
82,1,0,0.0,-1
82,2,0,0.0,-1
83,0,0,1.0,-1
83,1,0,0.0,-1
83,2,0,0.0,-1
84,0,0,1.0,-1
84,1,0,0.0,-1
84,2,0,0.0,-1
85,0,0,1.0,-1
85,1,0,0.0,-1
85,2,0,0.0,-1
86,0,0,1.0,-1
86,1,0,0.0,-1
86,2,0,0.0,-1
87,0,0,1.0,-1
87,1,0,0.0,-1
87,2,0,0.0,-1
88,0,0,1.0,-1
88,1,0,0.0,-1
88,2,0,0.0,-1
89,0,0,1.0,-1
89,1,0,0.0,-1
89,2,0,0.0,-1
90,0,0,1.0,-1
90,1,0,0.0,-1
90,2,0,0.0,-1
91,0,0,1.0,-1
91,1,0,0.0,-1
91,2,0,0.0,-1
92,0,0,1.0,-1
92,1,0,0.0,-1
92,2,0,0.0,-1
93,0,0,1.0,-1
93,1,0,0.0,-1
93,2,0,0.0,-1
94,0,0,1.0,-1
94,1,0,0.0,-1
94,2,0,0.0,-1
95,0,0,1.0,-1
95,1,0,0.0,-1
95,2,0,0.0,-1
96,0,0,1.0,-1
96,1,0,0.0,-1
96,2,0,0.0,-1
97,0,0,1.0,-1
97,1,0,0.0,-1
97,2,0,0.0,-1
98,0,0,1.0,-1
98,1,0,0.0,-1
98,2,0,0.0,-1
99,0,0,1.0,-1
99,1,0,0.0,-1
99,2,0,0.0,-1
100,0,0,1.0,-1
100,1,0,0.0,-1
100,2,0,0.0,-1
101,0,0,1.0,-1
101,1,0,0.0,-1
101,2,0,0.0,-1
102,0,0,1.0,-1
102,1,0,0.0,-1
102,2,0,0.0,-1
103,0,0,1.0,-1
103,1,0,0.0,-1
103,2,0,0.0,-1
104,0,0,1.0,-1
104,1,0,0.0,-1
104,2,0,0.0,-1
105,0,0,1.0,-1
105,1,0,0.0,-1
105,2,0,0.0,-1
106,0,0,1.0,-1
106,1,0,0.0,-1
106,2,0,0.0,-1
107,0,0,1.0,-1
107,1,0,0.0,-1
107,2,0,0.0,-1
108,0,0,1.0,-1
108,1,0,0.0,-1
108,2,0,0.0,-1
109,0,0,1.0,0.6
109,1,0,0.0,0.6
109,2,0,0.0,0.6
110,0,0,0.0,-1
110,1,0,1.0,-1
110,2,0,0.0,-1
111,0,0,0.0,-1
111,1,0,1.0,-1
111,2,0,0.0,-1
112,0,0,0.0,-1
112,1,0,1.0,-1
112,2,0,0.0,-1
113,0,0,0.0,-1
113,1,0,1.0,-1
113,2,0,0.0,-1
114,0,0,0.0,-1
114,1,0,1.0,-1
114,2,0,0.0,-1
115,0,0,0.0,-1
115,1,0,1.0,-1
115,2,0,0.0,-1
116,0,0,0.0,-1
116,1,0,1.0,-1
116,2,0,0.0,-1
117,0,0,0.0,-1
117,1,0,1.0,-1
117,2,0,0.0,-1
118,0,0,0.0,-1
118,1,0,1.0,-1
118,2,0,0.0,-1
119,0,0,0.0,-1
119,1,0,1.0,-1
119,2,0,0.0,-1
120,0,0,0.0,-1
120,1,0,1.0,-1
120,2,0,0.0,-1
121,0,0,0.0,-1
121,1,0,1.0,-1
121,2,0,0.0,-1
122,0,0,0.0,-1
122,1,0,1.0,-1
122,2,0,0.0,-1
123,0,0,0.0,0.5666666666666667
123,1,0,1.0,0.5666666666666667
123,2,0,0.0,0.5666666666666667
124,0,0,1.0,-1
124,1,0,0.0,-1
124,2,0,0.0,-1
125,0,0,1.0,-1
125,1,0,0.0,-1
125,2,0,0.0,-1
126,0,0,1.0,-1
126,1,0,0.0,-1
126,2,0,0.0,-1
127,0,0,1.0,-1
127,1,0,0.0,-1
127,2,0,0.0,-1
128,0,0,1.0,-1
128,1,0,0.0,-1
128,2,0,0.0,-1
129,0,0,1.0,-1
129,1,0,0.0,-1
129,2,0,0.0,-1
130,0,0,1.0,-1
130,1,0,0.0,-1
130,2,0,0.0,-1
131,0,0,1.0,-1
131,1,0,0.0,-1
131,2,0,0.0,-1
132,0,0,1.0,-1
132,1,0,0.0,-1
132,2,0,0.0,-1
133,0,0,1.0,-1
133,1,0,0.0,-1
133,2,0,0.0,-1
134,0,0,1.0,-1
134,1,0,0.0,-1
134,2,0,0.0,-1
135,0,0,1.0,-1
135,1,0,0.0,-1
135,2,0,0.0,-1
136,0,0,1.0,-1
136,1,0,0.0,-1
136,2,0,0.0,-1
137,0,0,1.0,-1
137,1,0,0.0,-1
137,2,0,0.0,-1
138,0,0,1.0,-1
138,1,0,0.0,-1
138,2,0,0.0,-1
139,0,0,1.0,-1
139,1,0,0.0,-1
139,2,0,0.0,-1
140,0,0,1.0,-1
140,1,0,0.0,-1
140,2,0,0.0,-1
141,0,0,1.0,0.8666666666666667
141,1,0,0.0,0.8666666666666667
141,2,0,0.0,0.8666666666666667
142,0,0,0.0,-1
142,1,0,1.0,-1
142,2,0,0.0,-1
143,0,0,0.0,-1
143,1,0,1.0,-1
143,2,0,0.0,-1
144,0,0,0.0,-1
144,1,0,1.0,-1
144,2,0,0.0,-1
145,0,0,0.0,-1
145,1,0,1.0,-1
145,2,0,0.0,-1
146,0,0,0.0,-1
146,1,0,1.0,-1
146,2,0,0.0,-1
147,0,0,0.0,-1
147,1,0,1.0,-1
147,2,0,0.0,-1
148,0,0,0.0,-1
148,1,0,1.0,-1
148,2,0,0.0,-1
149,0,0,0.0,-1
149,1,0,1.0,-1
149,2,0,0.0,-1
150,0,0,0.0,-1
150,1,0,1.0,-1
150,2,0,0.0,-1
151,0,0,0.0,-1
151,1,0,1.0,-1
151,2,0,0.0,-1
152,0,0,0.0,0.6333333333333333
152,1,0,1.0,0.6333333333333333
152,2,0,0.0,0.6333333333333333
153,0,0,1.0,-1
153,1,0,0.0,-1
153,2,0,0.0,-1
154,0,0,1.0,-1
154,1,0,0.0,-1
154,2,0,0.0,-1
155,0,0,1.0,-1
155,1,0,0.0,-1
155,2,0,0.0,-1
156,0,0,1.0,-1
156,1,0,0.0,-1
156,2,0,0.0,-1
157,0,0,1.0,-1
157,1,0,0.0,-1
157,2,0,0.0,-1
158,0,0,1.0,-1
158,1,0,0.0,-1
158,2,0,0.0,-1
159,0,0,1.0,-1
159,1,0,0.0,-1
159,2,0,0.0,-1
160,0,0,1.0,-1
160,1,0,0.0,-1
160,2,0,0.0,-1
161,0,0,1.0,-1
161,1,0,0.0,-1
161,2,0,0.0,-1
162,0,0,1.0,-1
162,1,0,0.0,-1
162,2,0,0.0,-1
163,0,0,1.0,-1
163,1,0,0.0,-1
163,2,0,0.0,-1
164,0,0,1.0,-1
164,1,0,0.0,-1
164,2,0,0.0,-1
165,0,0,1.0,-1
165,1,0,0.0,-1
165,2,0,0.0,-1
166,0,0,1.0,-1
166,1,0,0.0,-1
166,2,0,0.0,-1
167,0,0,1.0,-1
167,1,0,0.0,-1
167,2,0,0.0,-1
168,0,0,1.0,-1
168,1,0,0.0,-1
168,2,0,0.0,-1
169,0,0,1.0,-1
169,1,0,0.0,-1
169,2,0,0.0,-1
