#chunkId,viewpointId,tileId,visibilityRatio,switchingDecisionTime
0,0,0,0.101,-1
0,0,1,0.722,-1
0,0,2,0.107,-1
0,0,3,0.07,-1
0,0,4,0.0,-1
0,0,5,0.0,-1
0,1,0,0.0,-1
0,1,1,0.0,-1
0,1,2,0.0,-1
0,1,3,0.0,-1
0,1,4,0.0,-1
0,1,5,0.0,-1
0,2,0,0.0,-1
0,2,1,0.0,-1
0,2,2,0.0,-1
0,2,3,0.0,-1
0,2,4,0.0,-1
0,2,5,0.0,-1
1,0,0,0.1,-1
1,0,1,0.72,-1
1,0,2,0.107,-1
1,0,3,0.0730000000000001,-1
1,0,4,0.0,-1
1,0,5,0.0,-1
1,1,0,0.0,-1
1,1,1,0.0,-1
1,1,2,0.0,-1
1,1,3,0.0,-1
1,1,4,0.0,-1
1,1,5,0.0,-1
1,2,0,0.0,-1
1,2,1,0.0,-1
1,2,2,0.0,-1
1,2,3,0.0,-1
1,2,4,0.0,-1
1,2,5,0.0,-1
2,0,0,0.099,-1
2,0,1,0.719,-1
2,0,2,0.109,-1
2,0,3,0.0730000000000001,-1
2,0,4,0.0,-1
2,0,5,0.0,-1
2,1,0,0.0,-1
2,1,1,0.0,-1
2,1,2,0.0,-1
2,1,3,0.0,-1
2,1,4,0.0,-1
2,1,5,0.0,-1
2,2,0,0.0,-1
2,2,1,0.0,-1
2,2,2,0.0,-1
2,2,3,0.0,-1
2,2,4,0.0,-1
2,2,5,0.0,-1
3,0,0,0.1,-1
3,0,1,0.718,-1
3,0,2,0.108,-1
3,0,3,0.07400000000000011,-1
3,0,4,0.0,-1
3,0,5,0.0,-1
3,1,0,0.0,-1
3,1,1,0.0,-1
3,1,2,0.0,-1
3,1,3,0.0,-1
3,1,4,0.0,-1
3,1,5,0.0,-1
3,2,0,0.0,-1
3,2,1,0.0,-1
3,2,2,0.0,-1
3,2,3,0.0,-1
3,2,4,0.0,-1
3,2,5,0.0,-1
4,0,0,0.338,-1
4,0,1,0.571,-1
4,0,2,0.009,-1
4,0,3,0.076,-1
4,0,4,0.0,-1
4,0,5,0.006000000000000003,-1
4,1,0,0.0,-1
4,1,1,0.0,-1
4,1,2,0.0,-1
4,1,3,0.0,-1
4,1,4,0.0,-1
4,1,5,0.0,-1
4,2,0,0.0,-1
4,2,1,0.0,-1
4,2,2,0.0,-1
4,2,3,0.0,-1
4,2,4,0.0,-1
4,2,5,0.0,-1
5,0,0,0.625,-1
5,0,1,0.223,-1
5,0,2,0.0,-1
5,0,3,0.045,-1
5,0,4,0.107,-1
5,0,5,0.0,-1
5,1,0,0.0,-1
5,1,1,0.0,-1
5,1,2,0.0,-1
5,1,3,0.0,-1
5,1,4,0.0,-1
5,1,5,0.0,-1
5,2,0,0.0,-1
5,2,1,0.0,-1
5,2,2,0.0,-1
5,2,3,0.0,-1
5,2,4,0.0,-1
5,2,5,0.0,-1
6,0,0,0.541,-1
6,0,1,0.369,-1
6,0,2,0.0,-1
6,0,3,0.047,-1
6,0,4,0.032,-1
6,0,5,0.01099999999999989,-1
6,1,0,0.0,-1
6,1,1,0.0,-1
6,1,2,0.0,-1
6,1,3,0.0,-1
6,1,4,0.0,-1
6,1,5,0.0,-1
6,2,0,0.0,-1
6,2,1,0.0,-1
6,2,2,0.0,-1
6,2,3,0.0,-1
6,2,4,0.0,-1
6,2,5,0.0,-1
7,0,0,0.119,-1
7,0,1,0.727,-1
7,0,2,0.101,-1
7,0,3,0.049,-1
7,0,4,0.0,-1
7,0,5,0.004000000000000002,-1
7,1,0,0.0,-1
7,1,1,0.0,-1
7,1,2,0.0,-1
7,1,3,0.0,-1
7,1,4,0.0,-1
7,1,5,0.0,-1
7,2,0,0.0,-1
7,2,1,0.0,-1
7,2,2,0.0,-1
7,2,3,0.0,-1
7,2,4,0.0,-1
7,2,5,0.0,-1
8,0,0,0.02,-1
8,0,1,0.737,-1
8,0,2,0.196,-1
8,0,3,0.003,-1
8,0,4,0.0,-1
8,0,5,0.0439999999999999,-1
8,1,0,0.0,-1
8,1,1,0.0,-1
8,1,2,0.0,-1
8,1,3,0.0,-1
8,1,4,0.0,-1
8,1,5,0.0,-1
8,2,0,0.0,-1
8,2,1,0.0,-1
8,2,2,0.0,-1
8,2,3,0.0,-1
8,2,4,0.0,-1
8,2,5,0.0,-1
9,0,0,0.001,-1
9,0,1,0.556,-1
9,0,2,0.359,-1
9,0,3,0.005,-1
9,0,4,0.003,-1
9,0,5,0.0759999999999999,-1
9,1,0,0.0,-1
9,1,1,0.0,-1
9,1,2,0.0,-1
9,1,3,0.0,-1
9,1,4,0.0,-1
9,1,5,0.0,-1
9,2,0,0.0,-1
9,2,1,0.0,-1
9,2,2,0.0,-1
9,2,3,0.0,-1
9,2,4,0.0,-1
9,2,5,0.0,-1
10,0,0,0.009,-1
10,0,1,0.509,-1
10,0,2,0.35,-1
10,0,3,0.0,-1
10,0,4,0.011,-1
10,0,5,0.12100000000000001,-1
10,1,0,0.0,-1
10,1,1,0.0,-1
10,1,2,0.0,-1
10,1,3,0.0,-1
10,1,4,0.0,-1
10,1,5,0.0,-1
10,2,0,0.0,-1
10,2,1,0.0,-1
10,2,2,0.0,-1
10,2,3,0.0,-1
10,2,4,0.0,-1
10,2,5,0.0,-1
11,0,0,0.002,-1
11,0,1,0.656,-1
11,0,2,0.271,-1
11,0,3,0.02,-1
11,0,4,0.0,-1
11,0,5,0.0509999999999999,-1
11,1,0,0.0,-1
11,1,1,0.0,-1
11,1,2,0.0,-1
11,1,3,0.0,-1
11,1,4,0.0,-1
11,1,5,0.0,-1
11,2,0,0.0,-1
11,2,1,0.0,-1
11,2,2,0.0,-1
11,2,3,0.0,-1
11,2,4,0.0,-1
11,2,5,0.0,-1
12,0,0,0.0,-1
12,0,1,0.1,-1
12,0,2,0.63,-1
12,0,3,0.013,-1
12,0,4,0.205,-1
12,0,5,0.05200000000000002,-1
12,1,0,0.0,-1
12,1,1,0.0,-1
12,1,2,0.0,-1
12,1,3,0.0,-1
12,1,4,0.0,-1
12,1,5,0.0,-1
12,2,0,0.0,-1
12,2,1,0.0,-1
12,2,2,0.0,-1
12,2,3,0.0,-1
12,2,4,0.0,-1
12,2,5,0.0,-1
13,0,0,0.0,-1
13,0,1,0.008,-1
13,0,2,0.378,-1
13,0,3,0.0,-1
13,0,4,0.369,-1
13,0,5,0.24500000000000002,-1
13,1,0,0.0,-1
13,1,1,0.0,-1
13,1,2,0.0,-1
13,1,3,0.0,-1
13,1,4,0.0,-1
13,1,5,0.0,-1
13,2,0,0.0,-1
13,2,1,0.0,-1
13,2,2,0.0,-1
13,2,3,0.0,-1
13,2,4,0.0,-1
13,2,5,0.0,-1
14,0,0,0.0,-1
14,0,1,0.0,-1
14,0,2,0.242,-1
14,0,3,0.002,-1
14,0,4,0.558,-1
14,0,5,0.1979999999999999,-1
14,1,0,0.0,-1
14,1,1,0.0,-1
14,1,2,0.0,-1
14,1,3,0.0,-1
14,1,4,0.0,-1
14,1,5,0.0,-1
14,2,0,0.0,-1
14,2,1,0.0,-1
14,2,2,0.0,-1
14,2,3,0.0,-1
14,2,4,0.0,-1
14,2,5,0.0,-1
15,0,0,0.074,-1
15,0,1,0.0,-1
15,0,2,0.102,-1
15,0,3,0.021,-1
15,0,4,0.77,-1
15,0,5,0.033000000000000015,-1
15,1,0,0.0,-1
15,1,1,0.0,-1
15,1,2,0.0,-1
15,1,3,0.0,-1
15,1,4,0.0,-1
15,1,5,0.0,-1
15,2,0,0.0,-1
15,2,1,0.0,-1
15,2,2,0.0,-1
15,2,3,0.0,-1
15,2,4,0.0,-1
15,2,5,0.0,-1
16,0,0,0.0,-1
16,0,1,0.037,-1
16,0,2,0.546,-1
16,0,3,0.031,-1
16,0,4,0.346,-1
16,0,5,0.03999999999999991,-1
16,1,0,0.0,-1
16,1,1,0.0,-1
16,1,2,0.0,-1
16,1,3,0.0,-1
16,1,4,0.0,-1
16,1,5,0.0,-1
16,2,0,0.0,-1
16,2,1,0.0,-1
16,2,2,0.0,-1
16,2,3,0.0,-1
16,2,4,0.0,-1
16,2,5,0.0,-1
17,0,0,0.0,-1
17,0,1,0.061,-1
17,0,2,0.58,-1
17,0,3,0.026,-1
17,0,4,0.296,-1
17,0,5,0.03699999999999991,-1
17,1,0,0.0,-1
17,1,1,0.0,-1
17,1,2,0.0,-1
17,1,3,0.0,-1
17,1,4,0.0,-1
17,1,5,0.0,-1
17,2,0,0.0,-1
17,2,1,0.0,-1
17,2,2,0.0,-1
17,2,3,0.0,-1
17,2,4,0.0,-1
17,2,5,0.0,-1
18,0,0,0.0,-1
18,0,1,0.0,-1
18,0,2,0.576,-1
18,0,3,0.027,-1
18,0,4,0.349,-1
18,0,5,0.04800000000000002,-1
18,1,0,0.0,-1
18,1,1,0.0,-1
18,1,2,0.0,-1
18,1,3,0.0,-1
18,1,4,0.0,-1
18,1,5,0.0,-1
18,2,0,0.0,-1
18,2,1,0.0,-1
18,2,2,0.0,-1
18,2,3,0.0,-1
18,2,4,0.0,-1
18,2,5,0.0,-1
19,0,0,0.233,-1
19,0,1,0.0,-1
19,0,2,0.163,-1
19,0,3,0.027,-1
19,0,4,0.526,-1
19,0,5,0.0509999999999999,-1
19,1,0,0.0,-1
19,1,1,0.0,-1
19,1,2,0.0,-1
19,1,3,0.0,-1
19,1,4,0.0,-1
19,1,5,0.0,-1
19,2,0,0.0,-1
19,2,1,0.0,-1
19,2,2,0.0,-1
19,2,3,0.0,-1
19,2,4,0.0,-1
19,2,5,0.0,-1
20,0,0,0.625,-1
20,0,1,0.09,-1
20,0,2,0.0,-1
20,0,3,0.002,-1
20,0,4,0.24,-1
20,0,5,0.043,-1
20,1,0,0.0,-1
20,1,1,0.0,-1
20,1,2,0.0,-1
20,1,3,0.0,-1
20,1,4,0.0,-1
20,1,5,0.0,-1
20,2,0,0.0,-1
20,2,1,0.0,-1
20,2,2,0.0,-1
20,2,3,0.0,-1
20,2,4,0.0,-1
20,2,5,0.0,-1
21,0,0,0.51,-1
21,0,1,0.03,-1
21,0,2,0.0,-1
21,0,3,0.013,-1
21,0,4,0.402,-1
21,0,5,0.04499999999999989,-1
21,1,0,0.0,-1
21,1,1,0.0,-1
21,1,2,0.0,-1
21,1,3,0.0,-1
21,1,4,0.0,-1
21,1,5,0.0,-1
21,2,0,0.0,-1
21,2,1,0.0,-1
21,2,2,0.0,-1
21,2,3,0.0,-1
21,2,4,0.0,-1
21,2,5,0.0,-1
22,0,0,0.102,-1
22,0,1,0.0,-1
22,0,2,0.075,-1
22,0,3,0.001,-1
22,0,4,0.778,-1
22,0,5,0.044000000000000025,-1
22,1,0,0.0,-1
22,1,1,0.0,-1
22,1,2,0.0,-1
22,1,3,0.0,-1
22,1,4,0.0,-1
22,1,5,0.0,-1
22,2,0,0.0,-1
22,2,1,0.0,-1
22,2,2,0.0,-1
22,2,3,0.0,-1
22,2,4,0.0,-1
22,2,5,0.0,-1
23,0,0,0.132,-1
23,0,1,0.0,-1
23,0,2,0.047,-1
23,0,3,0.003,-1
23,0,4,0.779,-1
23,0,5,0.03899999999999991,-1
23,1,0,0.0,-1
23,1,1,0.0,-1
23,1,2,0.0,-1
23,1,3,0.0,-1
23,1,4,0.0,-1
23,1,5,0.0,-1
23,2,0,0.0,-1
23,2,1,0.0,-1
23,2,2,0.0,-1
23,2,3,0.0,-1
23,2,4,0.0,-1
23,2,5,0.0,-1
24,0,0,0.16,-1
24,0,1,0.0,-1
24,0,2,0.032,-1
24,0,3,0.011,-1
24,0,4,0.762,-1
24,0,5,0.034999999999999906,-1
24,1,0,0.0,-1
24,1,1,0.0,-1
24,1,2,0.0,-1
24,1,3,0.0,-1
24,1,4,0.0,-1
24,1,5,0.0,-1
24,2,0,0.0,-1
24,2,1,0.0,-1
24,2,2,0.0,-1
24,2,3,0.0,-1
24,2,4,0.0,-1
24,2,5,0.0,-1
25,0,0,0.578,-1
25,0,1,0.096,-1
25,0,2,0.0,-1
25,0,3,0.011,-1
25,0,4,0.283,-1
25,0,5,0.032,-1
25,1,0,0.0,-1
25,1,1,0.0,-1
25,1,2,0.0,-1
25,1,3,0.0,-1
25,1,4,0.0,-1
25,1,5,0.0,-1
25,2,0,0.0,-1
25,2,1,0.0,-1
25,2,2,0.0,-1
25,2,3,0.0,-1
25,2,4,0.0,-1
25,2,5,0.0,-1
26,0,0,0.597,-1
26,0,1,0.098,-1
26,0,2,0.0,-1
26,0,3,0.018,-1
26,0,4,0.264,-1
26,0,5,0.023,-1
26,1,0,0.0,-1
26,1,1,0.0,-1
26,1,2,0.0,-1
26,1,3,0.0,-1
26,1,4,0.0,-1
26,1,5,0.0,-1
26,2,0,0.0,-1
26,2,1,0.0,-1
26,2,2,0.0,-1
26,2,3,0.0,-1
26,2,4,0.0,-1
26,2,5,0.0,-1
27,0,0,0.096,-1
27,0,1,0.0,-1
27,0,2,0.083,-1
27,0,3,0.01,-1
27,0,4,0.779,-1
27,0,5,0.032000000000000015,-1
27,1,0,0.0,-1
27,1,1,0.0,-1
27,1,2,0.0,-1
27,1,3,0.0,-1
27,1,4,0.0,-1
27,1,5,0.0,-1
27,2,0,0.0,-1
27,2,1,0.0,-1
27,2,2,0.0,-1
27,2,3,0.0,-1
27,2,4,0.0,-1
27,2,5,0.0,-1
28,0,0,0.319,-1
28,0,1,0.003,-1
28,0,2,0.015,-1
28,0,3,0.014,-1
28,0,4,0.608,-1
28,0,5,0.0409999999999999,-1
28,1,0,0.0,-1
28,1,1,0.0,-1
28,1,2,0.0,-1
28,1,3,0.0,-1
28,1,4,0.0,-1
28,1,5,0.0,-1
28,2,0,0.0,-1
28,2,1,0.0,-1
28,2,2,0.0,-1
28,2,3,0.0,-1
28,2,4,0.0,-1
28,2,5,0.0,-1
29,0,0,0.393,-1
29,0,1,0.006,-1
29,0,2,0.017,-1
29,0,3,0.008,-1
29,0,4,0.525,-1
29,0,5,0.05099999999999989,-1
29,1,0,0.0,-1
29,1,1,0.0,-1
29,1,2,0.0,-1
29,1,3,0.0,-1
29,1,4,0.0,-1
29,1,5,0.0,-1
29,2,0,0.0,-1
29,2,1,0.0,-1
29,2,2,0.0,-1
29,2,3,0.0,-1
29,2,4,0.0,-1
29,2,5,0.0,-1
30,0,0,0.148,0.7029953002929688
30,0,1,0.0,0.7029953002929688
30,0,2,0.034,0.7029953002929688
30,0,3,0.002,0.7029953002929688
30,0,4,0.766,0.7029953002929688
30,0,5,0.05000000000000002,0.7029953002929688
30,1,0,0.0,0.7029953002929688
30,1,1,0.0,0.7029953002929688
30,1,2,0.0,0.7029953002929688
30,1,3,0.0,0.7029953002929688
30,1,4,0.0,0.7029953002929688
30,1,5,0.0,0.7029953002929688
30,2,0,0.0,0.7029953002929688
30,2,1,0.0,0.7029953002929688
30,2,2,0.0,0.7029953002929688
30,2,3,0.0,0.7029953002929688
30,2,4,0.0,0.7029953002929688
30,2,5,0.0,0.7029953002929688
31,0,0,0.0,-1
31,0,1,0.0,-1
31,0,2,0.0,-1
31,0,3,0.0,-1
31,0,4,0.0,-1
31,0,5,0.0,-1
31,1,0,0.163,-1
31,1,1,0.0,-1
31,1,2,0.02,-1
31,1,3,0.005,-1
31,1,4,0.762,-1
31,1,5,0.05000000000000002,-1
31,2,0,0.0,-1
31,2,1,0.0,-1
31,2,2,0.0,-1
31,2,3,0.0,-1
31,2,4,0.0,-1
31,2,5,0.0,-1
32,0,0,0.0,-1
32,0,1,0.0,-1
32,0,2,0.0,-1
32,0,3,0.0,-1
32,0,4,0.0,-1
32,0,5,0.0,-1
32,1,0,0.286,-1
32,1,1,0.0,-1
32,1,2,0.002,-1
32,1,3,0.022,-1
32,1,4,0.647,-1
32,1,5,0.04299999999999989,-1
32,2,0,0.0,-1
32,2,1,0.0,-1
32,2,2,0.0,-1
32,2,3,0.0,-1
32,2,4,0.0,-1
32,2,5,0.0,-1
33,0,0,0.0,-1
33,0,1,0.0,-1
33,0,2,0.0,-1
33,0,3,0.0,-1
33,0,4,0.0,-1
33,0,5,0.0,-1
33,1,0,0.606,-1
33,1,1,0.09,-1
33,1,2,0.0,-1
33,1,3,0.055,-1
33,1,4,0.238,-1
33,1,5,0.011,-1
33,2,0,0.0,-1
33,2,1,0.0,-1
33,2,2,0.0,-1
33,2,3,0.0,-1
33,2,4,0.0,-1
33,2,5,0.0,-1
34,0,0,0.0,-1
34,0,1,0.0,-1
34,0,2,0.0,-1
34,0,3,0.0,-1
34,0,4,0.0,-1
34,0,5,0.0,-1
34,1,0,0.516,-1
34,1,1,0.136,-1
34,1,2,0.0,-1
34,1,3,0.141,-1
34,1,4,0.207,-1
34,1,5,0.0,-1
34,2,0,0.0,-1
34,2,1,0.0,-1
34,2,2,0.0,-1
34,2,3,0.0,-1
34,2,4,0.0,-1
34,2,5,0.0,-1
35,0,0,0.0,-1
35,0,1,0.0,-1
35,0,2,0.0,-1
35,0,3,0.0,-1
35,0,4,0.0,-1
35,0,5,0.0,-1
35,1,0,0.517,-1
35,1,1,0.139,-1
35,1,2,0.0,-1
35,1,3,0.142,-1
35,1,4,0.2019999999999999,-1
35,1,5,0.0,-1
35,2,0,0.0,-1
35,2,1,0.0,-1
35,2,2,0.0,-1
35,2,3,0.0,-1
35,2,4,0.0,-1
35,2,5,0.0,-1
36,0,0,0.0,-1
36,0,1,0.0,-1
36,0,2,0.0,-1
36,0,3,0.0,-1
36,0,4,0.0,-1
36,0,5,0.0,-1
36,1,0,0.626,-1
36,1,1,0.092,-1
36,1,2,0.0,-1
36,1,3,0.04,-1
36,1,4,0.232,-1
36,1,5,0.01,-1
36,2,0,0.0,-1
36,2,1,0.0,-1
36,2,2,0.0,-1
36,2,3,0.0,-1
36,2,4,0.0,-1
36,2,5,0.0,-1
37,0,0,0.0,-1
37,0,1,0.0,-1
37,0,2,0.0,-1
37,0,3,0.0,-1
37,0,4,0.0,-1
37,0,5,0.0,-1
37,1,0,0.616,-1
37,1,1,0.14,-1
37,1,2,0.0,-1
37,1,3,0.04,-1
37,1,4,0.2,-1
37,1,5,0.00400000000000011,-1
37,2,0,0.0,-1
37,2,1,0.0,-1
37,2,2,0.0,-1
37,2,3,0.0,-1
37,2,4,0.0,-1
37,2,5,0.0,-1
38,0,0,0.0,-1
38,0,1,0.0,-1
38,0,2,0.0,-1
38,0,3,0.0,-1
38,0,4,0.0,-1
38,0,5,0.0,-1
38,1,0,0.623,-1
38,1,1,0.149,-1
38,1,2,0.0,-1
38,1,3,0.016,-1
38,1,4,0.192,-1
38,1,5,0.02,-1
38,2,0,0.0,-1
38,2,1,0.0,-1
38,2,2,0.0,-1
38,2,3,0.0,-1
38,2,4,0.0,-1
38,2,5,0.0,-1
39,0,0,0.0,-1
39,0,1,0.0,-1
39,0,2,0.0,-1
39,0,3,0.0,-1
39,0,4,0.0,-1
39,0,5,0.0,-1
39,1,0,0.511,-1
39,1,1,0.249,-1
39,1,2,0.0,-1
39,1,3,0.139,-1
39,1,4,0.101,-1
39,1,5,0.0,-1
39,2,0,0.0,-1
39,2,1,0.0,-1
39,2,2,0.0,-1
39,2,3,0.0,-1
39,2,4,0.0,-1
39,2,5,0.0,-1
40,0,0,0.0,-1
40,0,1,0.0,-1
40,0,2,0.0,-1
40,0,3,0.0,-1
40,0,4,0.0,-1
40,0,5,0.0,-1
40,1,0,0.139,-1
40,1,1,0.658,-1
40,1,2,0.086,-1
40,1,3,0.117,-1
40,1,4,0.0,-1
40,1,5,0.0,-1
40,2,0,0.0,-1
40,2,1,0.0,-1
40,2,2,0.0,-1
40,2,3,0.0,-1
40,2,4,0.0,-1
40,2,5,0.0,-1
41,0,0,0.0,-1
41,0,1,0.0,-1
41,0,2,0.0,-1
41,0,3,0.0,-1
41,0,4,0.0,-1
41,0,5,0.0,-1
41,1,0,0.312,-1
41,1,1,0.552,-1
41,1,2,0.019,-1
41,1,3,0.109,-1
41,1,4,0.00799999999999989,-1
41,1,5,0.0,-1
41,2,0,0.0,-1
41,2,1,0.0,-1
41,2,2,0.0,-1
41,2,3,0.0,-1
41,2,4,0.0,-1
41,2,5,0.0,-1
42,0,0,0.0,-1
42,0,1,0.0,-1
42,0,2,0.0,-1
42,0,3,0.0,-1
42,0,4,0.0,-1
42,0,5,0.0,-1
42,1,0,0.532,-1
42,1,1,0.128,-1
42,1,2,0.0,-1
42,1,3,0.109,-1
42,1,4,0.23,-1
42,1,5,0.001,-1
42,2,0,0.0,-1
42,2,1,0.0,-1
42,2,2,0.0,-1
42,2,3,0.0,-1
42,2,4,0.0,-1
42,2,5,0.0,-1
43,0,0,0.0,-1
43,0,1,0.0,-1
43,0,2,0.0,-1
43,0,3,0.0,-1
43,0,4,0.0,-1
43,0,5,0.0,-1
43,1,0,0.385,-1
43,1,1,0.02,-1
43,1,2,0.0,-1
43,1,3,0.077,-1
43,1,4,0.512,-1
43,1,5,0.006,-1
43,2,0,0.0,-1
43,2,1,0.0,-1
43,2,2,0.0,-1
43,2,3,0.0,-1
43,2,4,0.0,-1
43,2,5,0.0,-1
44,0,0,0.0,-1
44,0,1,0.0,-1
44,0,2,0.0,-1
44,0,3,0.0,-1
44,0,4,0.0,-1
44,0,5,0.0,-1
44,1,0,0.597,-1
44,1,1,0.11,-1
44,1,2,0.0,-1
44,1,3,0.073,-1
44,1,4,0.2200000000000001,-1
44,1,5,0.0,-1
44,2,0,0.0,-1
44,2,1,0.0,-1
44,2,2,0.0,-1
44,2,3,0.0,-1
44,2,4,0.0,-1
44,2,5,0.0,-1
45,0,0,0.0,-1
45,0,1,0.0,-1
45,0,2,0.0,-1
45,0,3,0.0,-1
45,0,4,0.0,-1
45,0,5,0.0,-1
45,1,0,0.587,-1
45,1,1,0.103,-1
45,1,2,0.0,-1
45,1,3,0.084,-1
45,1,4,0.22600000000000012,-1
45,1,5,0.0,-1
45,2,0,0.0,-1
45,2,1,0.0,-1
45,2,2,0.0,-1
45,2,3,0.0,-1
45,2,4,0.0,-1
45,2,5,0.0,-1
46,0,0,0.0,-1
46,0,1,0.0,-1
46,0,2,0.0,-1
46,0,3,0.0,-1
46,0,4,0.0,-1
46,0,5,0.0,-1
46,1,0,0.53,-1
46,1,1,0.131,-1
46,1,2,0.0,-1
46,1,3,0.13,-1
46,1,4,0.20899999999999988,-1
46,1,5,0.0,-1
46,2,0,0.0,-1
46,2,1,0.0,-1
46,2,2,0.0,-1
46,2,3,0.0,-1
46,2,4,0.0,-1
46,2,5,0.0,-1
47,0,0,0.0,-1
47,0,1,0.0,-1
47,0,2,0.0,-1
47,0,3,0.0,-1
47,0,4,0.0,-1
47,0,5,0.0,-1
47,1,0,0.574,-1
47,1,1,0.125,-1
47,1,2,0.0,-1
47,1,3,0.091,-1
47,1,4,0.2100000000000001,-1
47,1,5,0.0,-1
47,2,0,0.0,-1
47,2,1,0.0,-1
47,2,2,0.0,-1
47,2,3,0.0,-1
47,2,4,0.0,-1
47,2,5,0.0,-1
48,0,0,0.0,-1
48,0,1,0.0,-1
48,0,2,0.0,-1
48,0,3,0.0,-1
48,0,4,0.0,-1
48,0,5,0.0,-1
48,1,0,0.593,-1
48,1,1,0.078,-1
48,1,2,0.0,-1
48,1,3,0.079,-1
48,1,4,0.248,-1
48,1,5,0.002000000000000112,-1
48,2,0,0.0,-1
48,2,1,0.0,-1
48,2,2,0.0,-1
48,2,3,0.0,-1
48,2,4,0.0,-1
48,2,5,0.0,-1
49,0,0,0.0,-1
49,0,1,0.0,-1
49,0,2,0.0,-1
49,0,3,0.0,-1
49,0,4,0.0,-1
49,0,5,0.0,-1
49,1,0,0.437,-1
49,1,1,0.008,-1
49,1,2,0.0,-1
49,1,3,0.056,-1
49,1,4,0.485,-1
49,1,5,0.014,-1
49,2,0,0.0,-1
49,2,1,0.0,-1
49,2,2,0.0,-1
49,2,3,0.0,-1
49,2,4,0.0,-1
49,2,5,0.0,-1
50,0,0,0.0,-1
50,0,1,0.0,-1
50,0,2,0.0,-1
50,0,3,0.0,-1
50,0,4,0.0,-1
50,0,5,0.0,-1
50,1,0,0.552,-1
50,1,1,0.154,-1
50,1,2,0.0,-1
50,1,3,0.023,-1
50,1,4,0.24,-1
50,1,5,0.03099999999999989,-1
50,2,0,0.0,-1
50,2,1,0.0,-1
50,2,2,0.0,-1
50,2,3,0.0,-1
50,2,4,0.0,-1
50,2,5,0.0,-1
51,0,0,0.0,-1
51,0,1,0.0,-1
51,0,2,0.0,-1
51,0,3,0.0,-1
51,0,4,0.0,-1
51,0,5,0.0,-1
51,1,0,0.226,-1
51,1,1,0.691,-1
51,1,2,0.027,-1
51,1,3,0.046,-1
51,1,4,0.0,-1
51,1,5,0.010000000000000002,-1
51,2,0,0.0,-1
51,2,1,0.0,-1
51,2,2,0.0,-1
51,2,3,0.0,-1
51,2,4,0.0,-1
51,2,5,0.0,-1
52,0,0,0.0,-1
52,0,1,0.0,-1
52,0,2,0.0,-1
52,0,3,0.0,-1
52,0,4,0.0,-1
52,0,5,0.0,-1
52,1,0,0.412,-1
52,1,1,0.445,-1
52,1,2,0.005,-1
52,1,3,0.038,-1
52,1,4,0.083,-1
52,1,5,0.017,-1
52,2,0,0.0,-1
52,2,1,0.0,-1
52,2,2,0.0,-1
52,2,3,0.0,-1
52,2,4,0.0,-1
52,2,5,0.0,-1
53,0,0,0.0,-1
53,0,1,0.0,-1
53,0,2,0.0,-1
53,0,3,0.0,-1
53,0,4,0.0,-1
53,0,5,0.0,-1
53,1,0,0.344,-1
53,1,1,0.0,-1
53,1,2,0.0,-1
53,1,3,0.037,-1
53,1,4,0.587,-1
53,1,5,0.032,-1
53,2,0,0.0,-1
53,2,1,0.0,-1
53,2,2,0.0,-1
53,2,3,0.0,-1
53,2,4,0.0,-1
53,2,5,0.0,-1
54,0,0,0.0,-1
54,0,1,0.0,-1
54,0,2,0.0,-1
54,0,3,0.0,-1
54,0,4,0.0,-1
54,0,5,0.0,-1
54,1,0,0.205,-1
54,1,1,0.0,-1
54,1,2,0.001,-1
54,1,3,0.029,-1
54,1,4,0.74,-1
54,1,5,0.025000000000000005,-1
54,2,0,0.0,-1
54,2,1,0.0,-1
54,2,2,0.0,-1
54,2,3,0.0,-1
54,2,4,0.0,-1
54,2,5,0.0,-1
55,0,0,0.0,-1
55,0,1,0.0,-1
55,0,2,0.0,-1
55,0,3,0.0,-1
55,0,4,0.0,-1
55,0,5,0.0,-1
55,1,0,0.239,-1
55,1,1,0.0,-1
55,1,2,0.0,-1
55,1,3,0.035,-1
55,1,4,0.704,-1
55,1,5,0.022000000000000002,-1
55,2,0,0.0,-1
55,2,1,0.0,-1
55,2,2,0.0,-1
55,2,3,0.0,-1
55,2,4,0.0,-1
55,2,5,0.0,-1
56,0,0,0.0,-1
56,0,1,0.0,-1
56,0,2,0.0,-1
56,0,3,0.0,-1
56,0,4,0.0,-1
56,0,5,0.0,-1
56,1,0,0.586,-1
56,1,1,0.063,-1
56,1,2,0.0,-1
56,1,3,0.031,-1
56,1,4,0.3,-1
56,1,5,0.02,-1
56,2,0,0.0,-1
56,2,1,0.0,-1
56,2,2,0.0,-1
56,2,3,0.0,-1
56,2,4,0.0,-1
56,2,5,0.0,-1
57,0,0,0.0,-1
57,0,1,0.0,-1
57,0,2,0.0,-1
57,0,3,0.0,-1
57,0,4,0.0,-1
57,0,5,0.0,-1
57,1,0,0.176,-1
57,1,1,0.0,-1
57,1,2,0.014,-1
57,1,3,0.03,-1
57,1,4,0.757,-1
57,1,5,0.023000000000000013,-1
57,2,0,0.0,-1
57,2,1,0.0,-1
57,2,2,0.0,-1
57,2,3,0.0,-1
57,2,4,0.0,-1
57,2,5,0.0,-1
58,0,0,0.0,0.8730010986328125
58,0,1,0.0,0.8730010986328125
58,0,2,0.0,0.8730010986328125
58,0,3,0.0,0.8730010986328125
58,0,4,0.0,0.8730010986328125
58,0,5,0.0,0.8730010986328125
58,1,0,0.176,0.8730010986328125
58,1,1,0.0,0.8730010986328125
58,1,2,0.012,0.8730010986328125
58,1,3,0.031,0.8730010986328125
58,1,4,0.76,0.8730010986328125
58,1,5,0.02100000000000001,0.8730010986328125
58,2,0,0.0,0.8730010986328125
58,2,1,0.0,0.8730010986328125
58,2,2,0.0,0.8730010986328125
58,2,3,0.0,0.8730010986328125
58,2,4,0.0,0.8730010986328125
58,2,5,0.0,0.8730010986328125
59,0,0,0.0,-1
59,0,1,0.0,-1
59,0,2,0.0,-1
59,0,3,0.0,-1
59,0,4,0.0,-1
59,0,5,0.0,-1
59,1,0,0.0,-1
59,1,1,0.0,-1
59,1,2,0.0,-1
59,1,3,0.0,-1
59,1,4,0.0,-1
59,1,5,0.0,-1
59,2,0,0.134,-1
59,2,1,0.0,-1
59,2,2,0.047,-1
59,2,3,0.036,-1
59,2,4,0.762,-1
59,2,5,0.021000000000000015,-1
60,0,0,0.0,-1
60,0,1,0.0,-1
60,0,2,0.0,-1
60,0,3,0.0,-1
60,0,4,0.0,-1
60,0,5,0.0,-1
60,1,0,0.0,-1
60,1,1,0.0,-1
60,1,2,0.0,-1
60,1,3,0.0,-1
60,1,4,0.0,-1
60,1,5,0.0,-1
60,2,0,0.001,-1
60,2,1,0.004,-1
60,2,2,0.445,-1
60,2,3,0.055,-1
60,2,4,0.46,-1
60,2,5,0.034999999999999906,-1
61,0,0,0.0,-1
61,0,1,0.0,-1
61,0,2,0.0,-1
61,0,3,0.0,-1
61,0,4,0.0,-1
61,0,5,0.0,-1
61,1,0,0.0,-1
61,1,1,0.0,-1
61,1,2,0.0,-1
61,1,3,0.0,-1
61,1,4,0.0,-1
61,1,5,0.0,-1
61,2,0,0.0,-1
61,2,1,0.11,-1
61,2,2,0.615,-1
61,2,3,0.058,-1
61,2,4,0.21699999999999992,-1
61,2,5,0.0,-1
62,0,0,0.0,-1
62,0,1,0.0,-1
62,0,2,0.0,-1
62,0,3,0.0,-1
62,0,4,0.0,-1
62,0,5,0.0,-1
62,1,0,0.0,-1
62,1,1,0.0,-1
62,1,2,0.0,-1
62,1,3,0.0,-1
62,1,4,0.0,-1
62,1,5,0.0,-1
62,2,0,0.0,-1
62,2,1,0.051,-1
62,2,2,0.638,-1
62,2,3,0.05,-1
62,2,4,0.237,-1
62,2,5,0.02399999999999991,-1
63,0,0,0.0,-1
63,0,1,0.0,-1
63,0,2,0.0,-1
63,0,3,0.0,-1
63,0,4,0.0,-1
63,0,5,0.0,-1
63,1,0,0.0,-1
63,1,1,0.0,-1
63,1,2,0.0,-1
63,1,3,0.0,-1
63,1,4,0.0,-1
63,1,5,0.0,-1
63,2,0,0.0,-1
63,2,1,0.019,-1
63,2,2,0.635,-1
63,2,3,0.052,-1
63,2,4,0.268,-1
63,2,5,0.02599999999999991,-1
64,0,0,0.0,-1
64,0,1,0.0,-1
64,0,2,0.0,-1
64,0,3,0.0,-1
64,0,4,0.0,-1
64,0,5,0.0,-1
64,1,0,0.0,-1
64,1,1,0.0,-1
64,1,2,0.0,-1
64,1,3,0.0,-1
64,1,4,0.0,-1
64,1,5,0.0,-1
64,2,0,0.0,-1
64,2,1,0.047,-1
64,2,2,0.666,-1
64,2,3,0.014,-1
64,2,4,0.237,-1
64,2,5,0.03599999999999991,-1
65,0,0,0.0,-1
65,0,1,0.0,-1
65,0,2,0.0,-1
65,0,3,0.0,-1
65,0,4,0.0,-1
65,0,5,0.0,-1
65,1,0,0.0,-1
65,1,1,0.0,-1
65,1,2,0.0,-1
65,1,3,0.0,-1
65,1,4,0.0,-1
65,1,5,0.0,-1
65,2,0,0.0,-1
65,2,1,0.042,-1
65,2,2,0.669,-1
65,2,3,0.014,-1
65,2,4,0.24,-1
65,2,5,0.034999999999999906,-1
66,0,0,0.0,-1
66,0,1,0.0,-1
66,0,2,0.0,-1
66,0,3,0.0,-1
66,0,4,0.0,-1
66,0,5,0.0,-1
66,1,0,0.0,-1
66,1,1,0.0,-1
66,1,2,0.0,-1
66,1,3,0.0,-1
66,1,4,0.0,-1
66,1,5,0.0,-1
66,2,0,0.0,-1
66,2,1,0.03,-1
66,2,2,0.662,-1
66,2,3,0.011,-1
66,2,4,0.25,-1
66,2,5,0.04699999999999991,-1
67,0,0,0.0,-1
67,0,1,0.0,-1
67,0,2,0.0,-1
67,0,3,0.0,-1
67,0,4,0.0,-1
67,0,5,0.0,-1
67,1,0,0.0,-1
67,1,1,0.0,-1
67,1,2,0.0,-1
67,1,3,0.0,-1
67,1,4,0.0,-1
67,1,5,0.0,-1
67,2,0,0.0,-1
67,2,1,0.021,-1
67,2,2,0.641,-1
67,2,3,0.004,-1
67,2,4,0.262,-1
67,2,5,0.07199999999999991,-1
68,0,0,0.0,-1
68,0,1,0.0,-1
68,0,2,0.0,-1
68,0,3,0.0,-1
68,0,4,0.0,-1
68,0,5,0.0,-1
68,1,0,0.0,-1
68,1,1,0.0,-1
68,1,2,0.0,-1
68,1,3,0.0,-1
68,1,4,0.0,-1
68,1,5,0.0,-1
68,2,0,0.0,-1
68,2,1,0.02,-1
68,2,2,0.643,-1
68,2,3,0.021,-1
68,2,4,0.276,-1
68,2,5,0.03999999999999991,-1
69,0,0,0.0,-1
69,0,1,0.0,-1
69,0,2,0.0,-1
69,0,3,0.0,-1
69,0,4,0.0,-1
69,0,5,0.0,-1
69,1,0,0.0,-1
69,1,1,0.0,-1
69,1,2,0.0,-1
69,1,3,0.0,-1
69,1,4,0.0,-1
69,1,5,0.0,-1
69,2,0,0.289,-1
69,2,1,0.026,-1
69,2,2,0.171,-1
69,2,3,0.024,-1
69,2,4,0.445,-1
69,2,5,0.0449999999999999,-1
70,0,0,0.0,-1
70,0,1,0.0,-1
70,0,2,0.0,-1
70,0,3,0.0,-1
70,0,4,0.0,-1
70,0,5,0.0,-1
70,1,0,0.0,-1
70,1,1,0.0,-1
70,1,2,0.0,-1
70,1,3,0.0,-1
70,1,4,0.0,-1
70,1,5,0.0,-1
70,2,0,0.629,-1
70,2,1,0.035,-1
70,2,2,0.0,-1
70,2,3,0.005,-1
70,2,4,0.277,-1
70,2,5,0.054,-1
71,0,0,0.0,-1
71,0,1,0.0,-1
71,0,2,0.0,-1
71,0,3,0.0,-1
71,0,4,0.0,-1
71,0,5,0.0,-1
71,1,0,0.0,-1
71,1,1,0.0,-1
71,1,2,0.0,-1
71,1,3,0.0,-1
71,1,4,0.0,-1
71,1,5,0.0,-1
71,2,0,0.458,-1
71,2,1,0.422,-1
71,2,2,0.0,-1
71,2,3,0.016,-1
71,2,4,0.042,-1
71,2,5,0.061999999999999895,-1
72,0,0,0.0,-1
72,0,1,0.0,-1
72,0,2,0.0,-1
72,0,3,0.0,-1
72,0,4,0.0,-1
72,0,5,0.0,-1
72,1,0,0.0,-1
72,1,1,0.0,-1
72,1,2,0.0,-1
72,1,3,0.0,-1
72,1,4,0.0,-1
72,1,5,0.0,-1
72,2,0,0.189,-1
72,2,1,0.733,-1
72,2,2,0.024,-1
72,2,3,0.036,-1
72,2,4,0.0,-1
72,2,5,0.018000000000000006,-1
73,0,0,0.0,-1
73,0,1,0.0,-1
73,0,2,0.0,-1
73,0,3,0.0,-1
73,0,4,0.0,-1
73,0,5,0.0,-1
73,1,0,0.0,-1
73,1,1,0.0,-1
73,1,2,0.0,-1
73,1,3,0.0,-1
73,1,4,0.0,-1
73,1,5,0.0,-1
73,2,0,0.129,-1
73,2,1,0.701,-1
73,2,2,0.077,-1
73,2,3,0.09300000000000011,-1
73,2,4,0.0,-1
73,2,5,0.0,-1
74,0,0,0.0,-1
74,0,1,0.0,-1
74,0,2,0.0,-1
74,0,3,0.0,-1
74,0,4,0.0,-1
74,0,5,0.0,-1
74,1,0,0.0,-1
74,1,1,0.0,-1
74,1,2,0.0,-1
74,1,3,0.0,-1
74,1,4,0.0,-1
74,1,5,0.0,-1
74,2,0,0.142,-1
74,2,1,0.699,-1
74,2,2,0.063,-1
74,2,3,0.09600000000000011,-1
74,2,4,0.0,-1
74,2,5,0.0,-1
75,0,0,0.0,0.08100128173828125
75,0,1,0.0,0.08100128173828125
75,0,2,0.0,0.08100128173828125
75,0,3,0.0,0.08100128173828125
75,0,4,0.0,0.08100128173828125
75,0,5,0.0,0.08100128173828125
75,1,0,0.0,0.08100128173828125
75,1,1,0.0,0.08100128173828125
75,1,2,0.0,0.08100128173828125
75,1,3,0.0,0.08100128173828125
75,1,4,0.0,0.08100128173828125
75,1,5,0.0,0.08100128173828125
75,2,0,0.18,0.08100128173828125
75,2,1,0.689,0.08100128173828125
75,2,2,0.035,0.08100128173828125
75,2,3,0.096,0.08100128173828125
75,2,4,0.0,0.08100128173828125
75,2,5,0.0,0.08100128173828125
76,0,0,0.0,-1
76,0,1,0.0,-1
76,0,2,0.0,-1
76,0,3,0.0,-1
76,0,4,0.0,-1
76,0,5,0.0,-1
76,1,0,0.545,-1
76,1,1,0.241,-1
76,1,2,0.0,-1
76,1,3,0.091,-1
76,1,4,0.123,-1
76,1,5,0.0,-1
76,2,0,0.0,-1
76,2,1,0.0,-1
76,2,2,0.0,-1
76,2,3,0.0,-1
76,2,4,0.0,-1
76,2,5,0.0,-1
77,0,0,0.0,-1
77,0,1,0.0,-1
77,0,2,0.0,-1
77,0,3,0.0,-1
77,0,4,0.0,-1
77,0,5,0.0,-1
77,1,0,0.563,-1
77,1,1,0.082,-1
77,1,2,0.0,-1
77,1,3,0.103,-1
77,1,4,0.251,-1
77,1,5,0.001000000000000111,-1
77,2,0,0.0,-1
77,2,1,0.0,-1
77,2,2,0.0,-1
77,2,3,0.0,-1
77,2,4,0.0,-1
77,2,5,0.0,-1
78,0,0,0.0,-1
78,0,1,0.0,-1
78,0,2,0.0,-1
78,0,3,0.0,-1
78,0,4,0.0,-1
78,0,5,0.0,-1
78,1,0,0.542,-1
78,1,1,0.144,-1
78,1,2,0.0,-1
78,1,3,0.119,-1
78,1,4,0.195,-1
78,1,5,0.0,-1
78,2,0,0.0,-1
78,2,1,0.0,-1
78,2,2,0.0,-1
78,2,3,0.0,-1
78,2,4,0.0,-1
78,2,5,0.0,-1
79,0,0,0.0,-1
79,0,1,0.0,-1
79,0,2,0.0,-1
79,0,3,0.0,-1
79,0,4,0.0,-1
79,0,5,0.0,-1
79,1,0,0.466,-1
79,1,1,0.221,-1
79,1,2,0.0,-1
79,1,3,0.194,-1
79,1,4,0.119,-1
79,1,5,0.0,-1
79,2,0,0.0,-1
79,2,1,0.0,-1
79,2,2,0.0,-1
79,2,3,0.0,-1
79,2,4,0.0,-1
79,2,5,0.0,-1
80,0,0,0.0,-1
80,0,1,0.0,-1
80,0,2,0.0,-1
80,0,3,0.0,-1
80,0,4,0.0,-1
80,0,5,0.0,-1
80,1,0,0.603,-1
80,1,1,0.189,-1
80,1,2,0.0,-1
80,1,3,0.062,-1
80,1,4,0.146,-1
80,1,5,0.0,-1
80,2,0,0.0,-1
80,2,1,0.0,-1
80,2,2,0.0,-1
80,2,3,0.0,-1
80,2,4,0.0,-1
80,2,5,0.0,-1
81,0,0,0.0,-1
81,0,1,0.0,-1
81,0,2,0.0,-1
81,0,3,0.0,-1
81,0,4,0.0,-1
81,0,5,0.0,-1
81,1,0,0.631,-1
81,1,1,0.178,-1
81,1,2,0.0,-1
81,1,3,0.025,-1
81,1,4,0.163,-1
81,1,5,0.0030000000000001102,-1
81,2,0,0.0,-1
81,2,1,0.0,-1
81,2,2,0.0,-1
81,2,3,0.0,-1
81,2,4,0.0,-1
81,2,5,0.0,-1
82,0,0,0.0,-1
82,0,1,0.0,-1
82,0,2,0.0,-1
82,0,3,0.0,-1
82,0,4,0.0,-1
82,0,5,0.0,-1
82,1,0,0.629,-1
82,1,1,0.178,-1
82,1,2,0.0,-1
82,1,3,0.028,-1
82,1,4,0.163,-1
82,1,5,0.002,-1
82,2,0,0.0,-1
82,2,1,0.0,-1
82,2,2,0.0,-1
82,2,3,0.0,-1
82,2,4,0.0,-1
82,2,5,0.0,-1
83,0,0,0.0,-1
83,0,1,0.0,-1
83,0,2,0.0,-1
83,0,3,0.0,-1
83,0,4,0.0,-1
83,0,5,0.0,-1
83,1,0,0.631,-1
83,1,1,0.186,-1
83,1,2,0.0,-1
83,1,3,0.03,-1
83,1,4,0.152,-1
83,1,5,0.001,-1
83,2,0,0.0,-1
83,2,1,0.0,-1
83,2,2,0.0,-1
83,2,3,0.0,-1
83,2,4,0.0,-1
83,2,5,0.0,-1
84,0,0,0.0,-1
84,0,1,0.0,-1
84,0,2,0.0,-1
84,0,3,0.0,-1
84,0,4,0.0,-1
84,0,5,0.0,-1
84,1,0,0.608,-1
84,1,1,0.216,-1
84,1,2,0.0,-1
84,1,3,0.07,-1
84,1,4,0.10600000000000011,-1
84,1,5,0.0,-1
84,2,0,0.0,-1
84,2,1,0.0,-1
84,2,2,0.0,-1
84,2,3,0.0,-1
84,2,4,0.0,-1
84,2,5,0.0,-1
85,0,0,0.0,-1
85,0,1,0.0,-1
85,0,2,0.0,-1
85,0,3,0.0,-1
85,0,4,0.0,-1
85,0,5,0.0,-1
85,1,0,0.619,-1
85,1,1,0.213,-1
85,1,2,0.0,-1
85,1,3,0.057,-1
85,1,4,0.111,-1
85,1,5,0.0,-1
85,2,0,0.0,-1
85,2,1,0.0,-1
85,2,2,0.0,-1
85,2,3,0.0,-1
85,2,4,0.0,-1
85,2,5,0.0,-1
86,0,0,0.0,-1
86,0,1,0.0,-1
86,0,2,0.0,-1
86,0,3,0.0,-1
86,0,4,0.0,-1
86,0,5,0.0,-1
86,1,0,0.63,-1
86,1,1,0.212,-1
86,1,2,0.0,-1
86,1,3,0.043,-1
86,1,4,0.115,-1
86,1,5,0.0,-1
86,2,0,0.0,-1
86,2,1,0.0,-1
86,2,2,0.0,-1
86,2,3,0.0,-1
86,2,4,0.0,-1
86,2,5,0.0,-1
87,0,0,0.0,-1
87,0,1,0.0,-1
87,0,2,0.0,-1
87,0,3,0.0,-1
87,0,4,0.0,-1
87,0,5,0.0,-1
87,1,0,0.632,-1
87,1,1,0.21,-1
87,1,2,0.0,-1
87,1,3,0.038,-1
87,1,4,0.12,-1
87,1,5,0.0,-1
87,2,0,0.0,-1
87,2,1,0.0,-1
87,2,2,0.0,-1
87,2,3,0.0,-1
87,2,4,0.0,-1
87,2,5,0.0,-1
88,0,0,0.0,-1
88,0,1,0.0,-1
88,0,2,0.0,-1
88,0,3,0.0,-1
88,0,4,0.0,-1
88,0,5,0.0,-1
88,1,0,0.64,-1
88,1,1,0.207,-1
88,1,2,0.0,-1
88,1,3,0.024,-1
88,1,4,0.129,-1
88,1,5,1.1015494072452725e-16,-1
88,2,0,0.0,-1
88,2,1,0.0,-1
88,2,2,0.0,-1
88,2,3,0.0,-1
88,2,4,0.0,-1
88,2,5,0.0,-1
89,0,0,0.0,-1
89,0,1,0.0,-1
89,0,2,0.0,-1
89,0,3,0.0,-1
89,0,4,0.0,-1
89,0,5,0.0,-1
89,1,0,0.638,-1
89,1,1,0.211,-1
89,1,2,0.0,-1
89,1,3,0.019,-1
89,1,4,0.124,-1
89,1,5,0.008,-1
89,2,0,0.0,-1
89,2,1,0.0,-1
89,2,2,0.0,-1
89,2,3,0.0,-1
89,2,4,0.0,-1
89,2,5,0.0,-1
90,0,0,0.0,-1
90,0,1,0.0,-1
90,0,2,0.0,-1
90,0,3,0.0,-1
90,0,4,0.0,-1
90,0,5,0.0,-1
90,1,0,0.643,-1
90,1,1,0.255,-1
90,1,2,0.0,-1
90,1,3,0.016,-1
90,1,4,0.055,-1
90,1,5,0.03099999999999989,-1
90,2,0,0.0,-1
90,2,1,0.0,-1
90,2,2,0.0,-1
90,2,3,0.0,-1
90,2,4,0.0,-1
90,2,5,0.0,-1
91,0,0,0.0,-1
91,0,1,0.0,-1
91,0,2,0.0,-1
91,0,3,0.0,-1
91,0,4,0.0,-1
91,0,5,0.0,-1
91,1,0,0.646,-1
91,1,1,0.256,-1
91,1,2,0.0,-1
91,1,3,0.018,-1
91,1,4,0.055,-1
91,1,5,0.02499999999999989,-1
91,2,0,0.0,-1
91,2,1,0.0,-1
91,2,2,0.0,-1
91,2,3,0.0,-1
91,2,4,0.0,-1
91,2,5,0.0,-1
92,0,0,0.0,-1
92,0,1,0.0,-1
92,0,2,0.0,-1
92,0,3,0.0,-1
92,0,4,0.0,-1
92,0,5,0.0,-1
92,1,0,0.643,-1
92,1,1,0.259,-1
92,1,2,0.0,-1
92,1,3,0.017,-1
92,1,4,0.054,-1
92,1,5,0.026999999999999892,-1
92,2,0,0.0,-1
92,2,1,0.0,-1
92,2,2,0.0,-1
92,2,3,0.0,-1
92,2,4,0.0,-1
92,2,5,0.0,-1
93,0,0,0.0,-1
93,0,1,0.0,-1
93,0,2,0.0,-1
93,0,3,0.0,-1
93,0,4,0.0,-1
93,0,5,0.0,-1
93,1,0,0.444,-1
93,1,1,0.481,-1
93,1,2,0.0,-1
93,1,3,0.031,-1
93,1,4,0.0,-1
93,1,5,0.04399999999999989,-1
93,2,0,0.0,-1
93,2,1,0.0,-1
93,2,2,0.0,-1
93,2,3,0.0,-1
93,2,4,0.0,-1
93,2,5,0.0,-1
94,0,0,0.0,-1
94,0,1,0.0,-1
94,0,2,0.0,-1
94,0,3,0.0,-1
94,0,4,0.0,-1
94,0,5,0.0,-1
94,1,0,0.162,-1
94,1,1,0.722,-1
94,1,2,0.067,-1
94,1,3,0.038,-1
94,1,4,0.0,-1
94,1,5,0.010999999999999892,-1
94,2,0,0.0,-1
94,2,1,0.0,-1
94,2,2,0.0,-1
94,2,3,0.0,-1
94,2,4,0.0,-1
94,2,5,0.0,-1
95,0,0,0.0,-1
95,0,1,0.0,-1
95,0,2,0.0,-1
95,0,3,0.0,-1
95,0,4,0.0,-1
95,0,5,0.0,-1
95,1,0,0.0,-1
95,1,1,0.585,-1
95,1,2,0.352,-1
95,1,3,0.039,-1
95,1,4,0.0,-1
95,1,5,0.024000000000000007,-1
95,2,0,0.0,-1
95,2,1,0.0,-1
95,2,2,0.0,-1
95,2,3,0.0,-1
95,2,4,0.0,-1
95,2,5,0.0,-1
96,0,0,0.0,-1
96,0,1,0.0,-1
96,0,2,0.0,-1
96,0,3,0.0,-1
96,0,4,0.0,-1
96,0,5,0.0,-1
96,1,0,0.0,-1
96,1,1,0.245,-1
96,1,2,0.631,-1
96,1,3,0.015,-1
96,1,4,0.076,-1
96,1,5,0.033000000000000015,-1
96,2,0,0.0,-1
96,2,1,0.0,-1
96,2,2,0.0,-1
96,2,3,0.0,-1
96,2,4,0.0,-1
96,2,5,0.0,-1
97,0,0,0.0,-1
97,0,1,0.0,-1
97,0,2,0.0,-1
97,0,3,0.0,-1
97,0,4,0.0,-1
97,0,5,0.0,-1
97,1,0,0.0,-1
97,1,1,0.027,-1
97,1,2,0.6,-1
97,1,3,0.005,-1
97,1,4,0.299,-1
97,1,5,0.06899999999999991,-1
97,2,0,0.0,-1
97,2,1,0.0,-1
97,2,2,0.0,-1
97,2,3,0.0,-1
97,2,4,0.0,-1
97,2,5,0.0,-1
98,0,0,0.0,-1
98,0,1,0.0,-1
98,0,2,0.0,-1
98,0,3,0.0,-1
98,0,4,0.0,-1
98,0,5,0.0,-1
98,1,0,0.0,-1
98,1,1,0.0,-1
98,1,2,0.307,-1
98,1,3,0.012,-1
98,1,4,0.588,-1
98,1,5,0.09300000000000003,-1
98,2,0,0.0,-1
98,2,1,0.0,-1
98,2,2,0.0,-1
98,2,3,0.0,-1
98,2,4,0.0,-1
98,2,5,0.0,-1
99,0,0,0.0,-1
99,0,1,0.0,-1
99,0,2,0.0,-1
99,0,3,0.0,-1
99,0,4,0.0,-1
99,0,5,0.0,-1
99,1,0,0.106,-1
99,1,1,0.0,-1
99,1,2,0.073,-1
99,1,3,0.0,-1
99,1,4,0.744,-1
99,1,5,0.0769999999999999,-1
99,2,0,0.0,-1
99,2,1,0.0,-1
99,2,2,0.0,-1
99,2,3,0.0,-1
99,2,4,0.0,-1
99,2,5,0.0,-1
100,0,0,0.0,-1
100,0,1,0.0,-1
100,0,2,0.0,-1
100,0,3,0.0,-1
100,0,4,0.0,-1
100,0,5,0.0,-1
100,1,0,0.305,-1
100,1,1,0.0,-1
100,1,2,0.001,-1
100,1,3,0.021,-1
100,1,4,0.62,-1
100,1,5,0.052999999999999894,-1
100,2,0,0.0,-1
100,2,1,0.0,-1
100,2,2,0.0,-1
100,2,3,0.0,-1
100,2,4,0.0,-1
100,2,5,0.0,-1
101,0,0,0.0,-1
101,0,1,0.0,-1
101,0,2,0.0,-1
101,0,3,0.0,-1
101,0,4,0.0,-1
101,0,5,0.0,-1
101,1,0,0.595,-1
101,1,1,0.089,-1
101,1,2,0.0,-1
101,1,3,0.058,-1
101,1,4,0.252,-1
101,1,5,0.00600000000000011,-1
101,2,0,0.0,-1
101,2,1,0.0,-1
101,2,2,0.0,-1
101,2,3,0.0,-1
101,2,4,0.0,-1
101,2,5,0.0,-1
102,0,0,0.0,-1
102,0,1,0.0,-1
102,0,2,0.0,-1
102,0,3,0.0,-1
102,0,4,0.0,-1
102,0,5,0.0,-1
102,1,0,0.586,-1
102,1,1,0.231,-1
102,1,2,0.0,-1
102,1,3,0.096,-1
102,1,4,0.0870000000000001,-1
102,1,5,0.0,-1
102,2,0,0.0,-1
102,2,1,0.0,-1
102,2,2,0.0,-1
102,2,3,0.0,-1
102,2,4,0.0,-1
102,2,5,0.0,-1
103,0,0,0.0,-1
103,0,1,0.0,-1
103,0,2,0.0,-1
103,0,3,0.0,-1
103,0,4,0.0,-1
103,0,5,0.0,-1
103,1,0,0.541,-1
103,1,1,0.192,-1
103,1,2,0.0,-1
103,1,3,0.123,-1
103,1,4,0.144,-1
103,1,5,0.0,-1
103,2,0,0.0,-1
103,2,1,0.0,-1
103,2,2,0.0,-1
103,2,3,0.0,-1
103,2,4,0.0,-1
103,2,5,0.0,-1
104,0,0,0.0,-1
104,0,1,0.0,-1
104,0,2,0.0,-1
104,0,3,0.0,-1
104,0,4,0.0,-1
104,0,5,0.0,-1
104,1,0,0.577,-1
104,1,1,0.176,-1
104,1,2,0.0,-1
104,1,3,0.086,-1
104,1,4,0.16100000000000012,-1
104,1,5,0.0,-1
104,2,0,0.0,-1
104,2,1,0.0,-1
104,2,2,0.0,-1
104,2,3,0.0,-1
104,2,4,0.0,-1
104,2,5,0.0,-1
105,0,0,0.0,-1
105,0,1,0.0,-1
105,0,2,0.0,-1
105,0,3,0.0,-1
105,0,4,0.0,-1
105,0,5,0.0,-1
105,1,0,0.614,-1
105,1,1,0.19,-1
105,1,2,0.0,-1
105,1,3,0.051,-1
105,1,4,0.14499999999999988,-1
105,1,5,0.0,-1
105,2,0,0.0,-1
105,2,1,0.0,-1
105,2,2,0.0,-1
105,2,3,0.0,-1
105,2,4,0.0,-1
105,2,5,0.0,-1
106,0,0,0.0,-1
106,0,1,0.0,-1
106,0,2,0.0,-1
106,0,3,0.0,-1
106,0,4,0.0,-1
106,0,5,0.0,-1
106,1,0,0.619,-1
106,1,1,0.19,-1
106,1,2,0.0,-1
106,1,3,0.045,-1
106,1,4,0.146,-1
106,1,5,0.0,-1
106,2,0,0.0,-1
106,2,1,0.0,-1
106,2,2,0.0,-1
106,2,3,0.0,-1
106,2,4,0.0,-1
106,2,5,0.0,-1
107,0,0,0.0,-1
107,0,1,0.0,-1
107,0,2,0.0,-1
107,0,3,0.0,-1
107,0,4,0.0,-1
107,0,5,0.0,-1
107,1,0,0.617,-1
107,1,1,0.191,-1
107,1,2,0.0,-1
107,1,3,0.049,-1
107,1,4,0.143,-1
107,1,5,0.0,-1
107,2,0,0.0,-1
107,2,1,0.0,-1
107,2,2,0.0,-1
107,2,3,0.0,-1
107,2,4,0.0,-1
107,2,5,0.0,-1
108,0,0,0.0,-1
108,0,1,0.0,-1
108,0,2,0.0,-1
108,0,3,0.0,-1
108,0,4,0.0,-1
108,0,5,0.0,-1
108,1,0,0.616,-1
108,1,1,0.192,-1
108,1,2,0.0,-1
108,1,3,0.05,-1
108,1,4,0.142,-1
108,1,5,0.0,-1
108,2,0,0.0,-1
108,2,1,0.0,-1
108,2,2,0.0,-1
108,2,3,0.0,-1
108,2,4,0.0,-1
108,2,5,0.0,-1
109,0,0,0.0,-1
109,0,1,0.0,-1
109,0,2,0.0,-1
109,0,3,0.0,-1
109,0,4,0.0,-1
109,0,5,0.0,-1
109,1,0,0.622,-1
109,1,1,0.201,-1
109,1,2,0.0,-1
109,1,3,0.048,-1
109,1,4,0.129,-1
109,1,5,0.0,-1
109,2,0,0.0,-1
109,2,1,0.0,-1
109,2,2,0.0,-1
109,2,3,0.0,-1
109,2,4,0.0,-1
109,2,5,0.0,-1
110,0,0,0.0,-1
110,0,1,0.0,-1
110,0,2,0.0,-1
110,0,3,0.0,-1
110,0,4,0.0,-1
110,0,5,0.0,-1
110,1,0,0.412,-1
110,1,1,0.511,-1
110,1,2,0.0,-1
110,1,3,0.064,-1
110,1,4,0.001,-1
110,1,5,0.011999999999999891,-1
110,2,0,0.0,-1
110,2,1,0.0,-1
110,2,2,0.0,-1
110,2,3,0.0,-1
110,2,4,0.0,-1
110,2,5,0.0,-1
111,0,0,0.0,-1
111,0,1,0.0,-1
111,0,2,0.0,-1
111,0,3,0.0,-1
111,0,4,0.0,-1
111,0,5,0.0,-1
111,1,0,0.188,-1
111,1,1,0.714,-1
111,1,2,0.017,-1
111,1,3,0.08100000000000011,-1
111,1,4,0.0,-1
111,1,5,0.0,-1
111,2,0,0.0,-1
111,2,1,0.0,-1
111,2,2,0.0,-1
111,2,3,0.0,-1
111,2,4,0.0,-1
111,2,5,0.0,-1
112,0,0,0.0,0.23400115966796875
112,0,1,0.0,0.23400115966796875
112,0,2,0.0,0.23400115966796875
112,0,3,0.0,0.23400115966796875
112,0,4,0.0,0.23400115966796875
112,0,5,0.0,0.23400115966796875
112,1,0,0.194,0.23400115966796875
112,1,1,0.715,0.23400115966796875
112,1,2,0.012,0.23400115966796875
112,1,3,0.079,0.23400115966796875
112,1,4,0.0,0.23400115966796875
112,1,5,0.0,0.23400115966796875
112,2,0,0.0,0.23400115966796875
112,2,1,0.0,0.23400115966796875
112,2,2,0.0,0.23400115966796875
112,2,3,0.0,0.23400115966796875
112,2,4,0.0,0.23400115966796875
112,2,5,0.0,0.23400115966796875
113,0,0,0.491,-1
113,0,1,0.392,-1
113,0,2,0.001,-1
113,0,3,0.07,-1
113,0,4,0.045,-1
113,0,5,0.001,-1
113,1,0,0.0,-1
113,1,1,0.0,-1
113,1,2,0.0,-1
113,1,3,0.0,-1
113,1,4,0.0,-1
113,1,5,0.0,-1
113,2,0,0.0,-1
113,2,1,0.0,-1
113,2,2,0.0,-1
113,2,3,0.0,-1
113,2,4,0.0,-1
113,2,5,0.0,-1
114,0,0,0.625,-1
114,0,1,0.181,-1
114,0,2,0.0,-1
114,0,3,0.034,-1
114,0,4,0.158,-1
114,0,5,0.002,-1
114,1,0,0.0,-1
114,1,1,0.0,-1
114,1,2,0.0,-1
114,1,3,0.0,-1
114,1,4,0.0,-1
114,1,5,0.0,-1
114,2,0,0.0,-1
114,2,1,0.0,-1
114,2,2,0.0,-1
114,2,3,0.0,-1
114,2,4,0.0,-1
114,2,5,0.0,-1
115,0,0,0.629,-1
115,0,1,0.176,-1
115,0,2,0.0,-1
115,0,3,0.027,-1
115,0,4,0.164,-1
115,0,5,0.004000000000000001,-1
115,1,0,0.0,-1
115,1,1,0.0,-1
115,1,2,0.0,-1
115,1,3,0.0,-1
115,1,4,0.0,-1
115,1,5,0.0,-1
115,2,0,0.0,-1
115,2,1,0.0,-1
115,2,2,0.0,-1
115,2,3,0.0,-1
115,2,4,0.0,-1
115,2,5,0.0,-1
116,0,0,0.628,-1
116,0,1,0.174,-1
116,0,2,0.0,-1
116,0,3,0.028,-1
116,0,4,0.167,-1
116,0,5,0.003,-1
116,1,0,0.0,-1
116,1,1,0.0,-1
116,1,2,0.0,-1
116,1,3,0.0,-1
116,1,4,0.0,-1
116,1,5,0.0,-1
116,2,0,0.0,-1
116,2,1,0.0,-1
116,2,2,0.0,-1
116,2,3,0.0,-1
116,2,4,0.0,-1
116,2,5,0.0,-1
117,0,0,0.628,-1
117,0,1,0.174,-1
117,0,2,0.0,-1
117,0,3,0.027,-1
117,0,4,0.167,-1
117,0,5,0.00399999999999989,-1
117,1,0,0.0,-1
117,1,1,0.0,-1
117,1,2,0.0,-1
117,1,3,0.0,-1
117,1,4,0.0,-1
117,1,5,0.0,-1
117,2,0,0.0,-1
117,2,1,0.0,-1
117,2,2,0.0,-1
117,2,3,0.0,-1
117,2,4,0.0,-1
117,2,5,0.0,-1
118,0,0,0.628,-1
118,0,1,0.176,-1
118,0,2,0.0,-1
118,0,3,0.029,-1
118,0,4,0.164,-1
118,0,5,0.00299999999999989,-1
118,1,0,0.0,-1
118,1,1,0.0,-1
118,1,2,0.0,-1
118,1,3,0.0,-1
118,1,4,0.0,-1
118,1,5,0.0,-1
118,2,0,0.0,-1
118,2,1,0.0,-1
118,2,2,0.0,-1
118,2,3,0.0,-1
118,2,4,0.0,-1
118,2,5,0.0,-1
119,0,0,0.628,-1
119,0,1,0.178,-1
119,0,2,0.0,-1
119,0,3,0.029,-1
119,0,4,0.162,-1
119,0,5,0.00299999999999989,-1
119,1,0,0.0,-1
119,1,1,0.0,-1
119,1,2,0.0,-1
119,1,3,0.0,-1
119,1,4,0.0,-1
119,1,5,0.0,-1
119,2,0,0.0,-1
119,2,1,0.0,-1
119,2,2,0.0,-1
119,2,3,0.0,-1
119,2,4,0.0,-1
119,2,5,0.0,-1
120,0,0,0.629,-1
120,0,1,0.179,-1
120,0,2,0.0,-1
120,0,3,0.029,-1
120,0,4,0.161,-1
120,0,5,0.002,-1
120,1,0,0.0,-1
120,1,1,0.0,-1
120,1,2,0.0,-1
120,1,3,0.0,-1
120,1,4,0.0,-1
120,1,5,0.0,-1
120,2,0,0.0,-1
120,2,1,0.0,-1
120,2,2,0.0,-1
120,2,3,0.0,-1
120,2,4,0.0,-1
120,2,5,0.0,-1
121,0,0,0.63,-1
121,0,1,0.182,-1
121,0,2,0.0,-1
121,0,3,0.028,-1
121,0,4,0.158,-1
121,0,5,0.002,-1
121,1,0,0.0,-1
121,1,1,0.0,-1
121,1,2,0.0,-1
121,1,3,0.0,-1
121,1,4,0.0,-1
121,1,5,0.0,-1
121,2,0,0.0,-1
121,2,1,0.0,-1
121,2,2,0.0,-1
121,2,3,0.0,-1
121,2,4,0.0,-1
121,2,5,0.0,-1
122,0,0,0.631,-1
122,0,1,0.182,-1
122,0,2,0.0,-1
122,0,3,0.026,-1
122,0,4,0.159,-1
122,0,5,0.002,-1
122,1,0,0.0,-1
122,1,1,0.0,-1
122,1,2,0.0,-1
122,1,3,0.0,-1
122,1,4,0.0,-1
122,1,5,0.0,-1
122,2,0,0.0,-1
122,2,1,0.0,-1
122,2,2,0.0,-1
122,2,3,0.0,-1
122,2,4,0.0,-1
122,2,5,0.0,-1
123,0,0,0.632,-1
123,0,1,0.183,-1
123,0,2,0.0,-1
123,0,3,0.025,-1
123,0,4,0.158,-1
123,0,5,0.00200000000000011,-1
123,1,0,0.0,-1
123,1,1,0.0,-1
123,1,2,0.0,-1
123,1,3,0.0,-1
123,1,4,0.0,-1
123,1,5,0.0,-1
123,2,0,0.0,-1
123,2,1,0.0,-1
123,2,2,0.0,-1
123,2,3,0.0,-1
123,2,4,0.0,-1
123,2,5,0.0,-1
124,0,0,0.642,-1
124,0,1,0.216,-1
124,0,2,0.0,-1
124,0,3,0.028,-1
124,0,4,0.112,-1
124,0,5,0.002,-1
124,1,0,0.0,-1
124,1,1,0.0,-1
124,1,2,0.0,-1
124,1,3,0.0,-1
124,1,4,0.0,-1
124,1,5,0.0,-1
124,2,0,0.0,-1
124,2,1,0.0,-1
124,2,2,0.0,-1
124,2,3,0.0,-1
124,2,4,0.0,-1
124,2,5,0.0,-1
125,0,0,0.646,-1
125,0,1,0.235,-1
125,0,2,0.0,-1
125,0,3,0.028,-1
125,0,4,0.087,-1
125,0,5,0.004,-1
125,1,0,0.0,-1
125,1,1,0.0,-1
125,1,2,0.0,-1
125,1,3,0.0,-1
125,1,4,0.0,-1
125,1,5,0.0,-1
125,2,0,0.0,-1
125,2,1,0.0,-1
125,2,2,0.0,-1
125,2,3,0.0,-1
125,2,4,0.0,-1
125,2,5,0.0,-1
126,0,0,0.643,-1
126,0,1,0.228,-1
126,0,2,0.0,-1
126,0,3,0.023,-1
126,0,4,0.098,-1
126,0,5,0.008000000000000002,-1
126,1,0,0.0,-1
126,1,1,0.0,-1
126,1,2,0.0,-1
126,1,3,0.0,-1
126,1,4,0.0,-1
126,1,5,0.0,-1
126,2,0,0.0,-1
126,2,1,0.0,-1
126,2,2,0.0,-1
126,2,3,0.0,-1
126,2,4,0.0,-1
126,2,5,0.0,-1
127,0,0,0.643,-1
127,0,1,0.227,-1
127,0,2,0.0,-1
127,0,3,0.023,-1
127,0,4,0.1,-1
127,0,5,0.007000000000000001,-1
127,1,0,0.0,-1
127,1,1,0.0,-1
127,1,2,0.0,-1
127,1,3,0.0,-1
127,1,4,0.0,-1
127,1,5,0.0,-1
127,2,0,0.0,-1
127,2,1,0.0,-1
127,2,2,0.0,-1
127,2,3,0.0,-1
127,2,4,0.0,-1
127,2,5,0.0,-1
128,0,0,0.642,-1
128,0,1,0.225,-1
128,0,2,0.0,-1
128,0,3,0.023,-1
128,0,4,0.103,-1
128,0,5,0.007000000000000001,-1
128,1,0,0.0,-1
128,1,1,0.0,-1
128,1,2,0.0,-1
128,1,3,0.0,-1
128,1,4,0.0,-1
128,1,5,0.0,-1
128,2,0,0.0,-1
128,2,1,0.0,-1
128,2,2,0.0,-1
128,2,3,0.0,-1
128,2,4,0.0,-1
128,2,5,0.0,-1
129,0,0,0.641,-1
129,0,1,0.222,-1
129,0,2,0.0,-1
129,0,3,0.021,-1
129,0,4,0.108,-1
129,0,5,0.008,-1
129,1,0,0.0,-1
129,1,1,0.0,-1
129,1,2,0.0,-1
129,1,3,0.0,-1
129,1,4,0.0,-1
129,1,5,0.0,-1
129,2,0,0.0,-1
129,2,1,0.0,-1
129,2,2,0.0,-1
129,2,3,0.0,-1
129,2,4,0.0,-1
129,2,5,0.0,-1
130,0,0,0.641,-1
130,0,1,0.222,-1
130,0,2,0.0,-1
130,0,3,0.021,-1
130,0,4,0.108,-1
130,0,5,0.008,-1
130,1,0,0.0,-1
130,1,1,0.0,-1
130,1,2,0.0,-1
130,1,3,0.0,-1
130,1,4,0.0,-1
130,1,5,0.0,-1
130,2,0,0.0,-1
130,2,1,0.0,-1
130,2,2,0.0,-1
130,2,3,0.0,-1
130,2,4,0.0,-1
130,2,5,0.0,-1
131,0,0,0.64,-1
131,0,1,0.223,-1
131,0,2,0.0,-1
131,0,3,0.02,-1
131,0,4,0.106,-1
131,0,5,0.011000000000000001,-1
131,1,0,0.0,-1
131,1,1,0.0,-1
131,1,2,0.0,-1
131,1,3,0.0,-1
131,1,4,0.0,-1
131,1,5,0.0,-1
131,2,0,0.0,-1
131,2,1,0.0,-1
131,2,2,0.0,-1
131,2,3,0.0,-1
131,2,4,0.0,-1
131,2,5,0.0,-1
132,0,0,0.636,-1
132,0,1,0.169,-1
132,0,2,0.0,-1
132,0,3,0.019,-1
132,0,4,0.164,-1
132,0,5,0.012,-1
132,1,0,0.0,-1
132,1,1,0.0,-1
132,1,2,0.0,-1
132,1,3,0.0,-1
132,1,4,0.0,-1
132,1,5,0.0,-1
132,2,0,0.0,-1
132,2,1,0.0,-1
132,2,2,0.0,-1
132,2,3,0.0,-1
132,2,4,0.0,-1
132,2,5,0.0,-1
133,0,0,0.503,-1
133,0,1,0.332,-1
133,0,2,0.016,-1
133,0,3,0.031,-1
133,0,4,0.1,-1
133,0,5,0.018000000000000002,-1
133,1,0,0.0,-1
133,1,1,0.0,-1
133,1,2,0.0,-1
133,1,3,0.0,-1
133,1,4,0.0,-1
133,1,5,0.0,-1
133,2,0,0.0,-1
133,2,1,0.0,-1
133,2,2,0.0,-1
133,2,3,0.0,-1
133,2,4,0.0,-1
133,2,5,0.0,-1
134,0,0,0.207,-1
134,0,1,0.618,-1
134,0,2,0.093,-1
134,0,3,0.074,-1
134,0,4,0.005,-1
134,0,5,0.003000000000000111,-1
134,1,0,0.0,-1
134,1,1,0.0,-1
134,1,2,0.0,-1
134,1,3,0.0,-1
134,1,4,0.0,-1
134,1,5,0.0,-1
134,2,0,0.0,-1
134,2,1,0.0,-1
134,2,2,0.0,-1
134,2,3,0.0,-1
134,2,4,0.0,-1
134,2,5,0.0,-1
135,0,0,0.373,-1
135,0,1,0.044,-1
135,0,2,0.009,-1
135,0,3,0.034,-1
135,0,4,0.518,-1
135,0,5,0.022000000000000006,-1
135,1,0,0.0,-1
135,1,1,0.0,-1
135,1,2,0.0,-1
135,1,3,0.0,-1
135,1,4,0.0,-1
135,1,5,0.0,-1
135,2,0,0.0,-1
135,2,1,0.0,-1
135,2,2,0.0,-1
135,2,3,0.0,-1
135,2,4,0.0,-1
135,2,5,0.0,-1
136,0,0,0.16,-1
136,0,1,0.0,-1
136,0,2,0.022,-1
136,0,3,0.02,-1
136,0,4,0.769,-1
136,0,5,0.029000000000000015,-1
136,1,0,0.0,-1
136,1,1,0.0,-1
136,1,2,0.0,-1
136,1,3,0.0,-1
136,1,4,0.0,-1
136,1,5,0.0,-1
136,2,0,0.0,-1
136,2,1,0.0,-1
136,2,2,0.0,-1
136,2,3,0.0,-1
136,2,4,0.0,-1
136,2,5,0.0,-1
137,0,0,0.14,0.6769943237304688
137,0,1,0.0,0.6769943237304688
137,0,2,0.039,0.6769943237304688
137,0,3,0.013,0.6769943237304688
137,0,4,0.778,0.6769943237304688
137,0,5,0.02999999999999991,0.6769943237304688
137,1,0,0.0,0.6769943237304688
137,1,1,0.0,0.6769943237304688
137,1,2,0.0,0.6769943237304688
137,1,3,0.0,0.6769943237304688
137,1,4,0.0,0.6769943237304688
137,1,5,0.0,0.6769943237304688
137,2,0,0.0,0.6769943237304688
137,2,1,0.0,0.6769943237304688
137,2,2,0.0,0.6769943237304688
137,2,3,0.0,0.6769943237304688
137,2,4,0.0,0.6769943237304688
137,2,5,0.0,0.6769943237304688
138,0,0,0.0,-1
138,0,1,0.0,-1
138,0,2,0.0,-1
138,0,3,0.0,-1
138,0,4,0.0,-1
138,0,5,0.0,-1
138,1,0,0.401,-1
138,1,1,0.038,-1
138,1,2,0.001,-1
138,1,3,0.041,-1
138,1,4,0.499,-1
138,1,5,0.02,-1
138,2,0,0.0,-1
138,2,1,0.0,-1
138,2,2,0.0,-1
138,2,3,0.0,-1
138,2,4,0.0,-1
138,2,5,0.0,-1
139,0,0,0.0,-1
139,0,1,0.0,-1
139,0,2,0.0,-1
139,0,3,0.0,-1
139,0,4,0.0,-1
139,0,5,0.0,-1
139,1,0,0.556,-1
139,1,1,0.132,-1
139,1,2,0.0,-1
139,1,3,0.102,-1
139,1,4,0.21,-1
139,1,5,0.0,-1
139,2,0,0.0,-1
139,2,1,0.0,-1
139,2,2,0.0,-1
139,2,3,0.0,-1
139,2,4,0.0,-1
139,2,5,0.0,-1
140,0,0,0.0,-1
140,0,1,0.0,-1
140,0,2,0.0,-1
140,0,3,0.0,-1
140,0,4,0.0,-1
140,0,5,0.0,-1
140,1,0,0.552,-1
140,1,1,0.136,-1
140,1,2,0.0,-1
140,1,3,0.106,-1
140,1,4,0.206,-1
140,1,5,0.0,-1
140,2,0,0.0,-1
140,2,1,0.0,-1
140,2,2,0.0,-1
140,2,3,0.0,-1
140,2,4,0.0,-1
140,2,5,0.0,-1
141,0,0,0.0,-1
141,0,1,0.0,-1
141,0,2,0.0,-1
141,0,3,0.0,-1
141,0,4,0.0,-1
141,0,5,0.0,-1
141,1,0,0.343,-1
141,1,1,0.013,-1
141,1,2,0.001,-1
141,1,3,0.062,-1
141,1,4,0.57,-1
141,1,5,0.011000000000000003,-1
141,2,0,0.0,-1
141,2,1,0.0,-1
141,2,2,0.0,-1
141,2,3,0.0,-1
141,2,4,0.0,-1
141,2,5,0.0,-1
142,0,0,0.0,-1
142,0,1,0.0,-1
142,0,2,0.0,-1
142,0,3,0.0,-1
142,0,4,0.0,-1
142,0,5,0.0,-1
142,1,0,0.348,-1
142,1,1,0.028,-1
142,1,2,0.0,-1
142,1,3,0.047,-1
142,1,4,0.564,-1
142,1,5,0.013000000000000112,-1
142,2,0,0.0,-1
142,2,1,0.0,-1
142,2,2,0.0,-1
142,2,3,0.0,-1
142,2,4,0.0,-1
142,2,5,0.0,-1
143,0,0,0.0,-1
143,0,1,0.0,-1
143,0,2,0.0,-1
143,0,3,0.0,-1
143,0,4,0.0,-1
143,0,5,0.0,-1
143,1,0,0.633,-1
143,1,1,0.187,-1
143,1,2,0.0,-1
143,1,3,0.024,-1
143,1,4,0.153,-1
143,1,5,0.003,-1
143,2,0,0.0,-1
143,2,1,0.0,-1
143,2,2,0.0,-1
143,2,3,0.0,-1
143,2,4,0.0,-1
143,2,5,0.0,-1
144,0,0,0.0,-1
144,0,1,0.0,-1
144,0,2,0.0,-1
144,0,3,0.0,-1
144,0,4,0.0,-1
144,0,5,0.0,-1
144,1,0,0.619,-1
144,1,1,0.165,-1
144,1,2,0.0,-1
144,1,3,0.038,-1
144,1,4,0.176,-1
144,1,5,0.002,-1
144,2,0,0.0,-1
144,2,1,0.0,-1
144,2,2,0.0,-1
144,2,3,0.0,-1
144,2,4,0.0,-1
144,2,5,0.0,-1
145,0,0,0.0,-1
145,0,1,0.0,-1
145,0,2,0.0,-1
145,0,3,0.0,-1
145,0,4,0.0,-1
145,0,5,0.0,-1
145,1,0,0.615,-1
145,1,1,0.152,-1
145,1,2,0.0,-1
145,1,3,0.041,-1
145,1,4,0.19,-1
145,1,5,0.00200000000000011,-1
145,2,0,0.0,-1
145,2,1,0.0,-1
145,2,2,0.0,-1
145,2,3,0.0,-1
145,2,4,0.0,-1
145,2,5,0.0,-1
146,0,0,0.0,-1
146,0,1,0.0,-1
146,0,2,0.0,-1
146,0,3,0.0,-1
146,0,4,0.0,-1
146,0,5,0.0,-1
146,1,0,0.344,-1
146,1,1,0.025,-1
146,1,2,0.004,-1
146,1,3,0.037,-1
146,1,4,0.57,-1
146,1,5,0.020000000000000004,-1
146,2,0,0.0,-1
146,2,1,0.0,-1
146,2,2,0.0,-1
146,2,3,0.0,-1
146,2,4,0.0,-1
146,2,5,0.0,-1
147,0,0,0.0,0.697998046875
147,0,1,0.0,0.697998046875
147,0,2,0.0,0.697998046875
147,0,3,0.0,0.697998046875
147,0,4,0.0,0.697998046875
147,0,5,0.0,0.697998046875
147,1,0,0.179,0.697998046875
147,1,1,0.0,0.697998046875
147,1,2,0.011,0.697998046875
147,1,3,0.032,0.697998046875
147,1,4,0.757,0.697998046875
147,1,5,0.02100000000000001,0.697998046875
147,2,0,0.0,0.697998046875
147,2,1,0.0,0.697998046875
147,2,2,0.0,0.697998046875
147,2,3,0.0,0.697998046875
147,2,4,0.0,0.697998046875
147,2,5,0.0,0.697998046875
148,0,0,0.0,-1
148,0,1,0.0,-1
148,0,2,0.0,-1
148,0,3,0.0,-1
148,0,4,0.0,-1
148,0,5,0.0,-1
148,1,0,0.0,-1
148,1,1,0.0,-1
148,1,2,0.0,-1
148,1,3,0.0,-1
148,1,4,0.0,-1
148,1,5,0.0,-1
148,2,0,0.036,-1
148,2,1,0.001,-1
148,2,2,0.306,-1
148,2,3,0.039,-1
148,2,4,0.581,-1
148,2,5,0.03700000000000013,-1
149,0,0,0.0,-1
149,0,1,0.0,-1
149,0,2,0.0,-1
149,0,3,0.0,-1
149,0,4,0.0,-1
149,0,5,0.0,-1
149,1,0,0.0,-1
149,1,1,0.0,-1
149,1,2,0.0,-1
149,1,3,0.0,-1
149,1,4,0.0,-1
149,1,5,0.0,-1
149,2,0,0.0,-1
149,2,1,0.086,-1
149,2,2,0.656,-1
149,2,3,0.006,-1
149,2,4,0.209,-1
149,2,5,0.04300000000000002,-1
150,0,0,0.0,-1
150,0,1,0.0,-1
150,0,2,0.0,-1
150,0,3,0.0,-1
150,0,4,0.0,-1
150,0,5,0.0,-1
150,1,0,0.0,-1
150,1,1,0.0,-1
150,1,2,0.0,-1
150,1,3,0.0,-1
150,1,4,0.0,-1
150,1,5,0.0,-1
150,2,0,0.0,-1
150,2,1,0.092,-1
150,2,2,0.65,-1
150,2,3,0.018,-1
150,2,4,0.208,-1
150,2,5,0.032000000000000015,-1
151,0,0,0.0,-1
151,0,1,0.0,-1
151,0,2,0.0,-1
151,0,3,0.0,-1
151,0,4,0.0,-1
151,0,5,0.0,-1
151,1,0,0.0,-1
151,1,1,0.0,-1
151,1,2,0.0,-1
151,1,3,0.0,-1
151,1,4,0.0,-1
151,1,5,0.0,-1
151,2,0,0.0,-1
151,2,1,0.079,-1
151,2,2,0.661,-1
151,2,3,0.0,-1
151,2,4,0.213,-1
151,2,5,0.04700000000000002,-1
152,0,0,0.0,-1
152,0,1,0.0,-1
152,0,2,0.0,-1
152,0,3,0.0,-1
152,0,4,0.0,-1
152,0,5,0.0,-1
152,1,0,0.0,-1
152,1,1,0.0,-1
152,1,2,0.0,-1
152,1,3,0.0,-1
152,1,4,0.0,-1
152,1,5,0.0,-1
152,2,0,0.0,-1
152,2,1,0.071,-1
152,2,2,0.665,-1
152,2,3,0.001,-1
152,2,4,0.22,-1
152,2,5,0.043000000000000024,-1
153,0,0,0.0,-1
153,0,1,0.0,-1
153,0,2,0.0,-1
153,0,3,0.0,-1
153,0,4,0.0,-1
153,0,5,0.0,-1
153,1,0,0.0,-1
153,1,1,0.0,-1
153,1,2,0.0,-1
153,1,3,0.0,-1
153,1,4,0.0,-1
153,1,5,0.0,-1
153,2,0,0.0,-1
153,2,1,0.063,-1
153,2,2,0.667,-1
153,2,3,0.001,-1
153,2,4,0.225,-1
153,2,5,0.04400000000000002,-1
154,0,0,0.0,-1
154,0,1,0.0,-1
154,0,2,0.0,-1
154,0,3,0.0,-1
154,0,4,0.0,-1
154,0,5,0.0,-1
154,1,0,0.0,-1
154,1,1,0.0,-1
154,1,2,0.0,-1
154,1,3,0.0,-1
154,1,4,0.0,-1
154,1,5,0.0,-1
154,2,0,0.0,-1
154,2,1,0.019,-1
154,2,2,0.608,-1
154,2,3,0.011,-1
154,2,4,0.308,-1
154,2,5,0.05400000000000002,-1
155,0,0,0.0,-1
155,0,1,0.0,-1
155,0,2,0.0,-1
155,0,3,0.0,-1
155,0,4,0.0,-1
155,0,5,0.0,-1
155,1,0,0.0,-1
155,1,1,0.0,-1
155,1,2,0.0,-1
155,1,3,0.0,-1
155,1,4,0.0,-1
155,1,5,0.0,-1
155,2,0,0.434,-1
155,2,1,0.187,-1
155,2,2,0.017,-1
155,2,3,0.034,-1
155,2,4,0.3,-1
155,2,5,0.028000000000000004,-1
156,0,0,0.0,-1
156,0,1,0.0,-1
156,0,2,0.0,-1
156,0,3,0.0,-1
156,0,4,0.0,-1
156,0,5,0.0,-1
156,1,0,0.0,-1
156,1,1,0.0,-1
156,1,2,0.0,-1
156,1,3,0.0,-1
156,1,4,0.0,-1
156,1,5,0.0,-1
156,2,0,0.137,-1
156,2,1,0.707,-1
156,2,2,0.079,-1
156,2,3,0.074,-1
156,2,4,0.0,-1
156,2,5,0.003000000000000112,-1
157,0,0,0.0,-1
157,0,1,0.0,-1
157,0,2,0.0,-1
157,0,3,0.0,-1
157,0,4,0.0,-1
157,0,5,0.0,-1
157,1,0,0.0,-1
157,1,1,0.0,-1
157,1,2,0.0,-1
157,1,3,0.0,-1
157,1,4,0.0,-1
157,1,5,0.0,-1
157,2,0,0.125,-1
157,2,1,0.701,-1
157,2,2,0.081,-1
157,2,3,0.09300000000000011,-1
157,2,4,0.0,-1
157,2,5,0.0,-1
158,0,0,0.0,-1
158,0,1,0.0,-1
158,0,2,0.0,-1
158,0,3,0.0,-1
158,0,4,0.0,-1
158,0,5,0.0,-1
158,1,0,0.0,-1
158,1,1,0.0,-1
158,1,2,0.0,-1
158,1,3,0.0,-1
158,1,4,0.0,-1
158,1,5,0.0,-1
158,2,0,0.142,-1
158,2,1,0.706,-1
158,2,2,0.063,-1
158,2,3,0.089,-1
158,2,4,0.0,-1
158,2,5,0.0,-1
159,0,0,0.0,0.6100006103515625
159,0,1,0.0,0.6100006103515625
159,0,2,0.0,0.6100006103515625
159,0,3,0.0,0.6100006103515625
159,0,4,0.0,0.6100006103515625
159,0,5,0.0,0.6100006103515625
159,1,0,0.0,0.6100006103515625
159,1,1,0.0,0.6100006103515625
159,1,2,0.0,0.6100006103515625
159,1,3,0.0,0.6100006103515625
159,1,4,0.0,0.6100006103515625
159,1,5,0.0,0.6100006103515625
159,2,0,0.149,0.6100006103515625
159,2,1,0.706,0.6100006103515625
159,2,2,0.056,0.6100006103515625
159,2,3,0.089,0.6100006103515625
159,2,4,0.0,0.6100006103515625
159,2,5,0.0,0.6100006103515625
160,0,0,0.0,-1
160,0,1,0.0,-1
160,0,2,0.0,-1
160,0,3,0.0,-1
160,0,4,0.0,-1
160,0,5,0.0,-1
160,1,0,0.384,-1
160,1,1,0.478,-1
160,1,2,0.011,-1
160,1,3,0.083,-1
160,1,4,0.043,-1
160,1,5,0.001,-1
160,2,0,0.0,-1
160,2,1,0.0,-1
160,2,2,0.0,-1
160,2,3,0.0,-1
160,2,4,0.0,-1
160,2,5,0.0,-1
161,0,0,0.0,-1
161,0,1,0.0,-1
161,0,2,0.0,-1
161,0,3,0.0,-1
161,0,4,0.0,-1
161,0,5,0.0,-1
161,1,0,0.527,-1
161,1,1,0.168,-1
161,1,2,0.0,-1
161,1,3,0.131,-1
161,1,4,0.17399999999999988,-1
161,1,5,0.0,-1
161,2,0,0.0,-1
161,2,1,0.0,-1
161,2,2,0.0,-1
161,2,3,0.0,-1
161,2,4,0.0,-1
161,2,5,0.0,-1
162,0,0,0.0,-1
162,0,1,0.0,-1
162,0,2,0.0,-1
162,0,3,0.0,-1
162,0,4,0.0,-1
162,0,5,0.0,-1
162,1,0,0.547,-1
162,1,1,0.199,-1
162,1,2,0.0,-1
162,1,3,0.12,-1
162,1,4,0.134,-1
162,1,5,0.0,-1
162,2,0,0.0,-1
162,2,1,0.0,-1
162,2,2,0.0,-1
162,2,3,0.0,-1
162,2,4,0.0,-1
162,2,5,0.0,-1
163,0,0,0.0,-1
163,0,1,0.0,-1
163,0,2,0.0,-1
163,0,3,0.0,-1
163,0,4,0.0,-1
163,0,5,0.0,-1
163,1,0,0.618,-1
163,1,1,0.256,-1
163,1,2,0.0,-1
163,1,3,0.07,-1
163,1,4,0.05600000000000011,-1
163,1,5,0.0,-1
163,2,0,0.0,-1
163,2,1,0.0,-1
163,2,2,0.0,-1
163,2,3,0.0,-1
163,2,4,0.0,-1
163,2,5,0.0,-1
164,0,0,0.0,-1
164,0,1,0.0,-1
164,0,2,0.0,-1
164,0,3,0.0,-1
164,0,4,0.0,-1
164,0,5,0.0,-1
164,1,0,0.65,-1
164,1,1,0.247,-1
164,1,2,0.0,-1
164,1,3,0.041,-1
164,1,4,0.062,-1
164,1,5,0.0,-1
164,2,0,0.0,-1
164,2,1,0.0,-1
164,2,2,0.0,-1
164,2,3,0.0,-1
164,2,4,0.0,-1
164,2,5,0.0,-1
165,0,0,0.0,-1
165,0,1,0.0,-1
165,0,2,0.0,-1
165,0,3,0.0,-1
165,0,4,0.0,-1
165,0,5,0.0,-1
165,1,0,0.651,-1
165,1,1,0.251,-1
165,1,2,0.0,-1
165,1,3,0.043,-1
165,1,4,0.055,-1
165,1,5,0.0,-1
165,2,0,0.0,-1
165,2,1,0.0,-1
165,2,2,0.0,-1
165,2,3,0.0,-1
165,2,4,0.0,-1
165,2,5,0.0,-1
166,0,0,0.0,-1
166,0,1,0.0,-1
166,0,2,0.0,-1
166,0,3,0.0,-1
166,0,4,0.0,-1
166,0,5,0.0,-1
166,1,0,0.651,-1
166,1,1,0.261,-1
166,1,2,0.0,-1
166,1,3,0.045,-1
166,1,4,0.043,-1
166,1,5,0.0,-1
166,2,0,0.0,-1
166,2,1,0.0,-1
166,2,2,0.0,-1
166,2,3,0.0,-1
166,2,4,0.0,-1
166,2,5,0.0,-1
167,0,0,0.0,-1
167,0,1,0.0,-1
167,0,2,0.0,-1
167,0,3,0.0,-1
167,0,4,0.0,-1
167,0,5,0.0,-1
167,1,0,0.512,-1
167,1,1,0.197,-1
167,1,2,0.0,-1
167,1,3,0.157,-1
167,1,4,0.1339999999999999,-1
167,1,5,0.0,-1
167,2,0,0.0,-1
167,2,1,0.0,-1
167,2,2,0.0,-1
167,2,3,0.0,-1
167,2,4,0.0,-1
167,2,5,0.0,-1
168,0,0,0.0,-1
168,0,1,0.0,-1
168,0,2,0.0,-1
168,0,3,0.0,-1
168,0,4,0.0,-1
168,0,5,0.0,-1
168,1,0,0.458,-1
168,1,1,0.116,-1
168,1,2,0.0,-1
168,1,3,0.196,-1
168,1,4,0.2299999999999999,-1
168,1,5,0.0,-1
168,2,0,0.0,-1
168,2,1,0.0,-1
168,2,2,0.0,-1
168,2,3,0.0,-1
168,2,4,0.0,-1
168,2,5,0.0,-1
169,0,0,0.0,-1
169,0,1,0.0,-1
169,0,2,0.0,-1
169,0,3,0.0,-1
169,0,4,0.0,-1
169,0,5,0.0,-1
169,1,0,0.455,-1
169,1,1,0.016,-1
169,1,2,0.0,-1
169,1,3,0.131,-1
169,1,4,0.398,-1
169,1,5,0.0,-1
169,2,0,0.0,-1
169,2,1,0.0,-1
169,2,2,0.0,-1
169,2,3,0.0,-1
169,2,4,0.0,-1
169,2,5,0.0,-1
170,0,0,0.0,-1
170,0,1,0.0,-1
170,0,2,0.0,-1
170,0,3,0.0,-1
170,0,4,0.0,-1
170,0,5,0.0,-1
170,1,0,0.58,-1
170,1,1,0.322,-1
170,1,2,0.0,-1
170,1,3,0.084,-1
170,1,4,0.014000000000000111,-1
170,1,5,0.0,-1
170,2,0,0.0,-1
170,2,1,0.0,-1
170,2,2,0.0,-1
170,2,3,0.0,-1
170,2,4,0.0,-1
170,2,5,0.0,-1
171,0,0,0.0,-1
171,0,1,0.0,-1
171,0,2,0.0,-1
171,0,3,0.0,-1
171,0,4,0.0,-1
171,0,5,0.0,-1
171,1,0,0.627,-1
171,1,1,0.317,-1
171,1,2,0.0,-1
171,1,3,0.046,-1
171,1,4,0.001,-1
171,1,5,0.009000000000000001,-1
171,2,0,0.0,-1
171,2,1,0.0,-1
171,2,2,0.0,-1
171,2,3,0.0,-1
171,2,4,0.0,-1
171,2,5,0.0,-1
172,0,0,0.0,-1
172,0,1,0.0,-1
172,0,2,0.0,-1
172,0,3,0.0,-1
172,0,4,0.0,-1
172,0,5,0.0,-1
172,1,0,0.366,-1
172,1,1,0.535,-1
172,1,2,0.026,-1
172,1,3,0.062,-1
172,1,4,0.0,-1
172,1,5,0.010999999999999892,-1
172,2,0,0.0,-1
172,2,1,0.0,-1
172,2,2,0.0,-1
172,2,3,0.0,-1
172,2,4,0.0,-1
172,2,5,0.0,-1
173,0,0,0.0,-1
173,0,1,0.0,-1
173,0,2,0.0,-1
173,0,3,0.0,-1
173,0,4,0.0,-1
173,0,5,0.0,-1
173,1,0,0.167,-1
173,1,1,0.72,-1
173,1,2,0.038,-1
173,1,3,0.075,-1
173,1,4,0.0,-1
173,1,5,0.0,-1
173,2,0,0.0,-1
173,2,1,0.0,-1
173,2,2,0.0,-1
173,2,3,0.0,-1
173,2,4,0.0,-1
173,2,5,0.0,-1
174,0,0,0.0,0.6739959716796875
174,0,1,0.0,0.6739959716796875
174,0,2,0.0,0.6739959716796875
174,0,3,0.0,0.6739959716796875
174,0,4,0.0,0.6739959716796875
174,0,5,0.0,0.6739959716796875
174,1,0,0.185,0.6739959716796875
174,1,1,0.723,0.6739959716796875
174,1,2,0.02,0.6739959716796875
174,1,3,0.0720000000000001,0.6739959716796875
174,1,4,0.0,0.6739959716796875
174,1,5,0.0,0.6739959716796875
174,2,0,0.0,0.6739959716796875
174,2,1,0.0,0.6739959716796875
174,2,2,0.0,0.6739959716796875
174,2,3,0.0,0.6739959716796875
174,2,4,0.0,0.6739959716796875
174,2,5,0.0,0.6739959716796875
175,0,0,0.478,-1
175,0,1,0.442,-1
175,0,2,0.002,-1
175,0,3,0.057,-1
175,0,4,0.016,-1
175,0,5,0.005000000000000001,-1
175,1,0,0.0,-1
175,1,1,0.0,-1
175,1,2,0.0,-1
175,1,3,0.0,-1
175,1,4,0.0,-1
175,1,5,0.0,-1
175,2,0,0.0,-1
175,2,1,0.0,-1
175,2,2,0.0,-1
175,2,3,0.0,-1
175,2,4,0.0,-1
175,2,5,0.0,-1
176,0,0,0.62,-1
176,0,1,0.322,-1
176,0,2,0.0,-1
176,0,3,0.05,-1
176,0,4,0.001,-1
176,0,5,0.007000000000000001,-1
176,1,0,0.0,-1
176,1,1,0.0,-1
176,1,2,0.0,-1
176,1,3,0.0,-1
176,1,4,0.0,-1
176,1,5,0.0,-1
176,2,0,0.0,-1
176,2,1,0.0,-1
176,2,2,0.0,-1
176,2,3,0.0,-1
176,2,4,0.0,-1
176,2,5,0.0,-1
177,0,0,0.613,-1
177,0,1,0.327,-1
177,0,2,0.0,-1
177,0,3,0.053,-1
177,0,4,0.0,-1
177,0,5,0.007000000000000002,-1
177,1,0,0.0,-1
177,1,1,0.0,-1
177,1,2,0.0,-1
177,1,3,0.0,-1
177,1,4,0.0,-1
177,1,5,0.0,-1
177,2,0,0.0,-1
177,2,1,0.0,-1
177,2,2,0.0,-1
177,2,3,0.0,-1
177,2,4,0.0,-1
177,2,5,0.0,-1
178,0,0,0.644,-1
178,0,1,0.277,-1
178,0,2,0.0,-1
178,0,3,0.05,-1
178,0,4,0.02899999999999989,-1
178,0,5,0.0,-1
178,1,0,0.0,-1
178,1,1,0.0,-1
178,1,2,0.0,-1
178,1,3,0.0,-1
178,1,4,0.0,-1
178,1,5,0.0,-1
178,2,0,0.0,-1
178,2,1,0.0,-1
178,2,2,0.0,-1
178,2,3,0.0,-1
178,2,4,0.0,-1
178,2,5,0.0,-1
179,0,0,0.645,-1
179,0,1,0.238,-1
179,0,2,0.0,-1
179,0,3,0.041,-1
179,0,4,0.076,-1
179,0,5,0.0,-1
179,1,0,0.0,-1
179,1,1,0.0,-1
179,1,2,0.0,-1
179,1,3,0.0,-1
179,1,4,0.0,-1
179,1,5,0.0,-1
179,2,0,0.0,-1
179,2,1,0.0,-1
179,2,2,0.0,-1
179,2,3,0.0,-1
179,2,4,0.0,-1
179,2,5,0.0,-1
180,0,0,0.575,-1
180,0,1,0.09,-1
180,0,2,0.0,-1
180,0,3,0.046,-1
180,0,4,0.278,-1
180,0,5,0.011,-1
180,1,0,0.0,-1
180,1,1,0.0,-1
180,1,2,0.0,-1
180,1,3,0.0,-1
180,1,4,0.0,-1
180,1,5,0.0,-1
180,2,0,0.0,-1
180,2,1,0.0,-1
180,2,2,0.0,-1
180,2,3,0.0,-1
180,2,4,0.0,-1
180,2,5,0.0,-1
181,0,0,0.4,-1
181,0,1,0.063,-1
181,0,2,0.0,-1
181,0,3,0.048,-1
181,0,4,0.474,-1
181,0,5,0.015000000000000001,-1
181,1,0,0.0,-1
181,1,1,0.0,-1
181,1,2,0.0,-1
181,1,3,0.0,-1
181,1,4,0.0,-1
181,1,5,0.0,-1
181,2,0,0.0,-1
181,2,1,0.0,-1
181,2,2,0.0,-1
181,2,3,0.0,-1
181,2,4,0.0,-1
181,2,5,0.0,-1
182,0,0,0.606,-1
182,0,1,0.3,-1
182,0,2,0.0,-1
182,0,3,0.057,-1
182,0,4,0.033,-1
182,0,5,0.004000000000000001,-1
182,1,0,0.0,-1
182,1,1,0.0,-1
182,1,2,0.0,-1
182,1,3,0.0,-1
182,1,4,0.0,-1
182,1,5,0.0,-1
182,2,0,0.0,-1
182,2,1,0.0,-1
182,2,2,0.0,-1
182,2,3,0.0,-1
182,2,4,0.0,-1
182,2,5,0.0,-1
183,0,0,0.325,-1
183,0,1,0.019,-1
183,0,2,0.001,-1
183,0,3,0.051,-1
183,0,4,0.591,-1
183,0,5,0.013000000000000003,-1
183,1,0,0.0,-1
183,1,1,0.0,-1
183,1,2,0.0,-1
183,1,3,0.0,-1
183,1,4,0.0,-1
183,1,5,0.0,-1
183,2,0,0.0,-1
183,2,1,0.0,-1
183,2,2,0.0,-1
183,2,3,0.0,-1
183,2,4,0.0,-1
183,2,5,0.0,-1
184,0,0,0.205,-1
184,0,1,0.0,-1
184,0,2,0.002,-1
184,0,3,0.053,-1
184,0,4,0.73,-1
184,0,5,0.010000000000000005,-1
184,1,0,0.0,-1
184,1,1,0.0,-1
184,1,2,0.0,-1
184,1,3,0.0,-1
184,1,4,0.0,-1
184,1,5,0.0,-1
184,2,0,0.0,-1
184,2,1,0.0,-1
184,2,2,0.0,-1
184,2,3,0.0,-1
184,2,4,0.0,-1
184,2,5,0.0,-1
185,0,0,0.212,-1
185,0,1,0.0,-1
185,0,2,0.001,-1
185,0,3,0.05,-1
185,0,4,0.726,-1
185,0,5,0.011000000000000003,-1
185,1,0,0.0,-1
185,1,1,0.0,-1
185,1,2,0.0,-1
185,1,3,0.0,-1
185,1,4,0.0,-1
185,1,5,0.0,-1
185,2,0,0.0,-1
185,2,1,0.0,-1
185,2,2,0.0,-1
185,2,3,0.0,-1
185,2,4,0.0,-1
185,2,5,0.0,-1
186,0,0,0.214,0.40899658203125
186,0,1,0.0,0.40899658203125
186,0,2,0.001,0.40899658203125
186,0,3,0.05,0.40899658203125
186,0,4,0.724,0.40899658203125
186,0,5,0.011000000000000003,0.40899658203125
186,1,0,0.0,0.40899658203125
186,1,1,0.0,0.40899658203125
186,1,2,0.0,0.40899658203125
186,1,3,0.0,0.40899658203125
186,1,4,0.0,0.40899658203125
186,1,5,0.0,0.40899658203125
186,2,0,0.0,0.40899658203125
186,2,1,0.0,0.40899658203125
186,2,2,0.0,0.40899658203125
186,2,3,0.0,0.40899658203125
186,2,4,0.0,0.40899658203125
186,2,5,0.0,0.40899658203125
187,0,0,0.0,-1
187,0,1,0.0,-1
187,0,2,0.0,-1
187,0,3,0.0,-1
187,0,4,0.0,-1
187,0,5,0.0,-1
187,1,0,0.28,-1
187,1,1,0.0,-1
187,1,2,0.0,-1
187,1,3,0.051,-1
187,1,4,0.652,-1
187,1,5,0.01699999999999989,-1
187,2,0,0.0,-1
187,2,1,0.0,-1
187,2,2,0.0,-1
187,2,3,0.0,-1
187,2,4,0.0,-1
187,2,5,0.0,-1
188,0,0,0.0,-1
188,0,1,0.0,-1
188,0,2,0.0,-1
188,0,3,0.0,-1
188,0,4,0.0,-1
188,0,5,0.0,-1
188,1,0,0.602,-1
188,1,1,0.147,-1
188,1,2,0.0,-1
188,1,3,0.056,-1
188,1,4,0.193,-1
188,1,5,0.002,-1
188,2,0,0.0,-1
188,2,1,0.0,-1
188,2,2,0.0,-1
188,2,3,0.0,-1
188,2,4,0.0,-1
188,2,5,0.0,-1
189,0,0,0.0,-1
189,0,1,0.0,-1
189,0,2,0.0,-1
189,0,3,0.0,-1
189,0,4,0.0,-1
189,0,5,0.0,-1
189,1,0,0.578,-1
189,1,1,0.22,-1
189,1,2,0.0,-1
189,1,3,0.064,-1
189,1,4,0.136,-1
189,1,5,0.002000000000000111,-1
189,2,0,0.0,-1
189,2,1,0.0,-1
189,2,2,0.0,-1
189,2,3,0.0,-1
189,2,4,0.0,-1
189,2,5,0.0,-1
190,0,0,0.0,-1
190,0,1,0.0,-1
190,0,2,0.0,-1
190,0,3,0.0,-1
190,0,4,0.0,-1
190,0,5,0.0,-1
190,1,0,0.392,-1
190,1,1,0.518,-1
190,1,2,0.0,-1
190,1,3,0.05,-1
190,1,4,0.019,-1
190,1,5,0.020999999999999894,-1
190,2,0,0.0,-1
190,2,1,0.0,-1
190,2,2,0.0,-1
190,2,3,0.0,-1
190,2,4,0.0,-1
190,2,5,0.0,-1
191,0,0,0.0,-1
191,0,1,0.0,-1
191,0,2,0.0,-1
191,0,3,0.0,-1
191,0,4,0.0,-1
191,0,5,0.0,-1
191,1,0,0.612,-1
191,1,1,0.13,-1
191,1,2,0.0,-1
191,1,3,0.05,-1
191,1,4,0.205,-1
191,1,5,0.003,-1
191,2,0,0.0,-1
191,2,1,0.0,-1
191,2,2,0.0,-1
191,2,3,0.0,-1
191,2,4,0.0,-1
191,2,5,0.0,-1
192,0,0,0.0,-1
192,0,1,0.0,-1
192,0,2,0.0,-1
192,0,3,0.0,-1
192,0,4,0.0,-1
192,0,5,0.0,-1
192,1,0,0.604,-1
192,1,1,0.153,-1
192,1,2,0.0,-1
192,1,3,0.053,-1
192,1,4,0.189,-1
192,1,5,0.001,-1
192,2,0,0.0,-1
192,2,1,0.0,-1
192,2,2,0.0,-1
192,2,3,0.0,-1
192,2,4,0.0,-1
192,2,5,0.0,-1
193,0,0,0.0,-1
193,0,1,0.0,-1
193,0,2,0.0,-1
193,0,3,0.0,-1
193,0,4,0.0,-1
193,0,5,0.0,-1
193,1,0,0.604,-1
193,1,1,0.16,-1
193,1,2,0.0,-1
193,1,3,0.054,-1
193,1,4,0.182,-1
193,1,5,0.0,-1
193,2,0,0.0,-1
193,2,1,0.0,-1
193,2,2,0.0,-1
193,2,3,0.0,-1
193,2,4,0.0,-1
193,2,5,0.0,-1
194,0,0,0.0,-1
194,0,1,0.0,-1
194,0,2,0.0,-1
194,0,3,0.0,-1
194,0,4,0.0,-1
194,0,5,0.0,-1
194,1,0,0.549,-1
194,1,1,0.127,-1
194,1,2,0.0,-1
194,1,3,0.11,-1
194,1,4,0.214,-1
194,1,5,0.0,-1
194,2,0,0.0,-1
194,2,1,0.0,-1
194,2,2,0.0,-1
194,2,3,0.0,-1
194,2,4,0.0,-1
194,2,5,0.0,-1
195,0,0,0.0,-1
195,0,1,0.0,-1
195,0,2,0.0,-1
195,0,3,0.0,-1
195,0,4,0.0,-1
195,0,5,0.0,-1
195,1,0,0.541,-1
195,1,1,0.131,-1
195,1,2,0.0,-1
195,1,3,0.117,-1
195,1,4,0.211,-1
195,1,5,0.0,-1
195,2,0,0.0,-1
195,2,1,0.0,-1
195,2,2,0.0,-1
195,2,3,0.0,-1
195,2,4,0.0,-1
195,2,5,0.0,-1
196,0,0,0.0,-1
196,0,1,0.0,-1
196,0,2,0.0,-1
196,0,3,0.0,-1
196,0,4,0.0,-1
196,0,5,0.0,-1
196,1,0,0.544,-1
196,1,1,0.134,-1
196,1,2,0.0,-1
196,1,3,0.113,-1
196,1,4,0.209,-1
196,1,5,0.0,-1
196,2,0,0.0,-1
196,2,1,0.0,-1
196,2,2,0.0,-1
196,2,3,0.0,-1
196,2,4,0.0,-1
196,2,5,0.0,-1
197,0,0,0.0,-1
197,0,1,0.0,-1
197,0,2,0.0,-1
197,0,3,0.0,-1
197,0,4,0.0,-1
197,0,5,0.0,-1
197,1,0,0.605,-1
197,1,1,0.164,-1
197,1,2,0.0,-1
197,1,3,0.048,-1
197,1,4,0.177,-1
197,1,5,0.006000000000000001,-1
197,2,0,0.0,-1
197,2,1,0.0,-1
197,2,2,0.0,-1
197,2,3,0.0,-1
197,2,4,0.0,-1
197,2,5,0.0,-1
198,0,0,0.0,-1
198,0,1,0.0,-1
198,0,2,0.0,-1
198,0,3,0.0,-1
198,0,4,0.0,-1
198,0,5,0.0,-1
198,1,0,0.633,-1
198,1,1,0.171,-1
198,1,2,0.0,-1
198,1,3,0.011,-1
198,1,4,0.171,-1
198,1,5,0.014,-1
198,2,0,0.0,-1
198,2,1,0.0,-1
198,2,2,0.0,-1
198,2,3,0.0,-1
198,2,4,0.0,-1
198,2,5,0.0,-1
199,0,0,0.0,-1
199,0,1,0.0,-1
199,0,2,0.0,-1
199,0,3,0.0,-1
199,0,4,0.0,-1
199,0,5,0.0,-1
199,1,0,0.507,-1
199,1,1,0.052,-1
199,1,2,0.0,-1
199,1,3,0.037,-1
199,1,4,0.385,-1
199,1,5,0.019,-1
199,2,0,0.0,-1
199,2,1,0.0,-1
199,2,2,0.0,-1
199,2,3,0.0,-1
199,2,4,0.0,-1
199,2,5,0.0,-1
200,0,0,0.0,-1
200,0,1,0.0,-1
200,0,2,0.0,-1
200,0,3,0.0,-1
200,0,4,0.0,-1
200,0,5,0.0,-1
200,1,0,0.206,-1
200,1,1,0.0,-1
200,1,2,0.001,-1
200,1,3,0.033,-1
200,1,4,0.739,-1
200,1,5,0.021000000000000005,-1
200,2,0,0.0,-1
200,2,1,0.0,-1
200,2,2,0.0,-1
200,2,3,0.0,-1
200,2,4,0.0,-1
200,2,5,0.0,-1
201,0,0,0.0,0.8069992065429688
201,0,1,0.0,0.8069992065429688
201,0,2,0.0,0.8069992065429688
201,0,3,0.0,0.8069992065429688
201,0,4,0.0,0.8069992065429688
201,0,5,0.0,0.8069992065429688
201,1,0,0.207,0.8069992065429688
201,1,1,0.0,0.8069992065429688
201,1,2,0.001,0.8069992065429688
201,1,3,0.033,0.8069992065429688
201,1,4,0.739,0.8069992065429688
201,1,5,0.020000000000000004,0.8069992065429688
201,2,0,0.0,0.8069992065429688
201,2,1,0.0,0.8069992065429688
201,2,2,0.0,0.8069992065429688
201,2,3,0.0,0.8069992065429688
201,2,4,0.0,0.8069992065429688
201,2,5,0.0,0.8069992065429688
202,0,0,0.0,-1
202,0,1,0.0,-1
202,0,2,0.0,-1
202,0,3,0.0,-1
202,0,4,0.0,-1
202,0,5,0.0,-1
202,1,0,0.0,-1
202,1,1,0.0,-1
202,1,2,0.0,-1
202,1,3,0.0,-1
202,1,4,0.0,-1
202,1,5,0.0,-1
202,2,0,0.257,-1
202,2,1,0.0,-1
202,2,2,0.002,-1
202,2,3,0.043,-1
202,2,4,0.679,-1
202,2,5,0.018999999999999892,-1
203,0,0,0.0,-1
203,0,1,0.0,-1
203,0,2,0.0,-1
203,0,3,0.0,-1
203,0,4,0.0,-1
203,0,5,0.0,-1
203,1,0,0.0,-1
203,1,1,0.0,-1
203,1,2,0.0,-1
203,1,3,0.0,-1
203,1,4,0.0,-1
203,1,5,0.0,-1
203,2,0,0.448,-1
203,2,1,0.391,-1
203,2,2,0.007,-1
203,2,3,0.05,-1
203,2,4,0.091,-1
203,2,5,0.013000000000000001,-1
204,0,0,0.0,-1
204,0,1,0.0,-1
204,0,2,0.0,-1
204,0,3,0.0,-1
204,0,4,0.0,-1
204,0,5,0.0,-1
204,1,0,0.0,-1
204,1,1,0.0,-1
204,1,2,0.0,-1
204,1,3,0.0,-1
204,1,4,0.0,-1
204,1,5,0.0,-1
204,2,0,0.055,-1
204,2,1,0.712,-1
204,2,2,0.156,-1
204,2,3,0.077,-1
204,2,4,0.0,-1
204,2,5,0.0,-1
205,0,0,0.0,-1
205,0,1,0.0,-1
205,0,2,0.0,-1
205,0,3,0.0,-1
205,0,4,0.0,-1
205,0,5,0.0,-1
205,1,0,0.0,-1
205,1,1,0.0,-1
205,1,2,0.0,-1
205,1,3,0.0,-1
205,1,4,0.0,-1
205,1,5,0.0,-1
205,2,0,0.17,-1
205,2,1,0.671,-1
205,2,2,0.078,-1
205,2,3,0.081,-1
205,2,4,0.0,-1
205,2,5,0.0,-1
206,0,0,0.0,-1
206,0,1,0.0,-1
206,0,2,0.0,-1
206,0,3,0.0,-1
206,0,4,0.0,-1
206,0,5,0.0,-1
206,1,0,0.0,-1
206,1,1,0.0,-1
206,1,2,0.0,-1
206,1,3,0.0,-1
206,1,4,0.0,-1
206,1,5,0.0,-1
206,2,0,0.0,-1
206,2,1,0.334,-1
206,2,2,0.544,-1
206,2,3,0.093,-1
206,2,4,0.028999999999999894,-1
206,2,5,0.0,-1
207,0,0,0.0,-1
207,0,1,0.0,-1
207,0,2,0.0,-1
207,0,3,0.0,-1
207,0,4,0.0,-1
207,0,5,0.0,-1
207,1,0,0.0,-1
207,1,1,0.0,-1
207,1,2,0.0,-1
207,1,3,0.0,-1
207,1,4,0.0,-1
207,1,5,0.0,-1
207,2,0,0.0,-1
207,2,1,0.181,-1
207,2,2,0.605,-1
207,2,3,0.07,-1
207,2,4,0.1439999999999999,-1
207,2,5,0.0,-1
208,0,0,0.0,-1
208,0,1,0.0,-1
208,0,2,0.0,-1
208,0,3,0.0,-1
208,0,4,0.0,-1
208,0,5,0.0,-1
208,1,0,0.0,-1
208,1,1,0.0,-1
208,1,2,0.0,-1
208,1,3,0.0,-1
208,1,4,0.0,-1
208,1,5,0.0,-1
208,2,0,0.0,-1
208,2,1,0.226,-1
208,2,2,0.61,-1
208,2,3,0.088,-1
208,2,4,0.07600000000000012,-1
208,2,5,0.0,-1
209,0,0,0.0,-1
209,0,1,0.0,-1
209,0,2,0.0,-1
209,0,3,0.0,-1
209,0,4,0.0,-1
209,0,5,0.0,-1
209,1,0,0.0,-1
209,1,1,0.0,-1
209,1,2,0.0,-1
209,1,3,0.0,-1
209,1,4,0.0,-1
209,1,5,0.0,-1
209,2,0,0.0,-1
209,2,1,0.242,-1
209,2,2,0.62,-1
209,2,3,0.086,-1
209,2,4,0.05200000000000001,-1
209,2,5,0.0,-1
210,0,0,0.0,-1
210,0,1,0.0,-1
210,0,2,0.0,-1
210,0,3,0.0,-1
210,0,4,0.0,-1
210,0,5,0.0,-1
210,1,0,0.0,-1
210,1,1,0.0,-1
210,1,2,0.0,-1
210,1,3,0.0,-1
210,1,4,0.0,-1
210,1,5,0.0,-1
210,2,0,0.0,-1
210,2,1,0.244,-1
210,2,2,0.622,-1
210,2,3,0.084,-1
210,2,4,0.05000000000000001,-1
210,2,5,0.0,-1
211,0,0,0.0,-1
211,0,1,0.0,-1
211,0,2,0.0,-1
211,0,3,0.0,-1
211,0,4,0.0,-1
211,0,5,0.0,-1
211,1,0,0.0,-1
211,1,1,0.0,-1
211,1,2,0.0,-1
211,1,3,0.0,-1
211,1,4,0.0,-1
211,1,5,0.0,-1
211,2,0,0.0,-1
211,2,1,0.243,-1
211,2,2,0.62,-1
211,2,3,0.086,-1
211,2,4,0.05100000000000001,-1
211,2,5,0.0,-1
212,0,0,0.0,-1
212,0,1,0.0,-1
212,0,2,0.0,-1
212,0,3,0.0,-1
212,0,4,0.0,-1
212,0,5,0.0,-1
212,1,0,0.0,-1
212,1,1,0.0,-1
212,1,2,0.0,-1
212,1,3,0.0,-1
212,1,4,0.0,-1
212,1,5,0.0,-1
212,2,0,0.0,-1
212,2,1,0.255,-1
212,2,2,0.636,-1
212,2,3,0.074,-1
212,2,4,0.03500000000000001,-1
212,2,5,0.0,-1
213,0,0,0.0,-1
213,0,1,0.0,-1
213,0,2,0.0,-1
213,0,3,0.0,-1
213,0,4,0.0,-1
213,0,5,0.0,-1
213,1,0,0.0,-1
213,1,1,0.0,-1
213,1,2,0.0,-1
213,1,3,0.0,-1
213,1,4,0.0,-1
213,1,5,0.0,-1
213,2,0,0.0,-1
213,2,1,0.226,-1
213,2,2,0.638,-1
213,2,3,0.062,-1
213,2,4,0.07400000000000001,-1
213,2,5,0.0,-1
214,0,0,0.0,-1
214,0,1,0.0,-1
214,0,2,0.0,-1
214,0,3,0.0,-1
214,0,4,0.0,-1
214,0,5,0.0,-1
214,1,0,0.0,-1
214,1,1,0.0,-1
214,1,2,0.0,-1
214,1,3,0.0,-1
214,1,4,0.0,-1
214,1,5,0.0,-1
214,2,0,0.0,-1
214,2,1,0.306,-1
214,2,2,0.642,-1
214,2,3,0.021,-1
214,2,4,0.003,-1
214,2,5,0.028000000000000004,-1
215,0,0,0.0,-1
215,0,1,0.0,-1
215,0,2,0.0,-1
215,0,3,0.0,-1
215,0,4,0.0,-1
215,0,5,0.0,-1
215,1,0,0.0,-1
215,1,1,0.0,-1
215,1,2,0.0,-1
215,1,3,0.0,-1
215,1,4,0.0,-1
215,1,5,0.0,-1
215,2,0,0.005,-1
215,2,1,0.597,-1
215,2,2,0.331,-1
215,2,3,0.042,-1
215,2,4,0.0,-1
215,2,5,0.024999999999999894,-1
216,0,0,0.0,-1
216,0,1,0.0,-1
216,0,2,0.0,-1
216,0,3,0.0,-1
216,0,4,0.0,-1
216,0,5,0.0,-1
216,1,0,0.0,-1
216,1,1,0.0,-1
216,1,2,0.0,-1
216,1,3,0.0,-1
216,1,4,0.0,-1
216,1,5,0.0,-1
216,2,0,0.097,-1
216,2,1,0.716,-1
216,2,2,0.111,-1
216,2,3,0.07600000000000011,-1
216,2,4,0.0,-1
216,2,5,0.0,-1
217,0,0,0.0,-1
217,0,1,0.0,-1
217,0,2,0.0,-1
217,0,3,0.0,-1
217,0,4,0.0,-1
217,0,5,0.0,-1
217,1,0,0.0,-1
217,1,1,0.0,-1
217,1,2,0.0,-1
217,1,3,0.0,-1
217,1,4,0.0,-1
217,1,5,0.0,-1
217,2,0,0.128,-1
217,2,1,0.717,-1
217,2,2,0.078,-1
217,2,3,0.07700000000000011,-1
217,2,4,0.0,-1
217,2,5,0.0,-1
218,0,0,0.0,-1
218,0,1,0.0,-1
218,0,2,0.0,-1
218,0,3,0.0,-1
218,0,4,0.0,-1
218,0,5,0.0,-1
218,1,0,0.0,-1
218,1,1,0.0,-1
218,1,2,0.0,-1
218,1,3,0.0,-1
218,1,4,0.0,-1
218,1,5,0.0,-1
218,2,0,0.144,-1
218,2,1,0.718,-1
218,2,2,0.062,-1
218,2,3,0.07600000000000011,-1
218,2,4,0.0,-1
218,2,5,0.0,-1
219,0,0,0.0,0.38800048828125
219,0,1,0.0,0.38800048828125
219,0,2,0.0,0.38800048828125
219,0,3,0.0,0.38800048828125
219,0,4,0.0,0.38800048828125
219,0,5,0.0,0.38800048828125
219,1,0,0.0,0.38800048828125
219,1,1,0.0,0.38800048828125
219,1,2,0.0,0.38800048828125
219,1,3,0.0,0.38800048828125
219,1,4,0.0,0.38800048828125
219,1,5,0.0,0.38800048828125
219,2,0,0.166,0.38800048828125
219,2,1,0.713,0.38800048828125
219,2,2,0.04,0.38800048828125
219,2,3,0.081,0.38800048828125
219,2,4,0.0,0.38800048828125
219,2,5,0.0,0.38800048828125
220,0,0,0.0,-1
220,0,1,0.0,-1
220,0,2,0.0,-1
220,0,3,0.0,-1
220,0,4,0.0,-1
220,0,5,0.0,-1
220,1,0,0.487,-1
220,1,1,0.19,-1
220,1,2,0.0,-1
220,1,3,0.084,-1
220,1,4,0.235,-1
220,1,5,0.004000000000000001,-1
220,2,0,0.0,-1
220,2,1,0.0,-1
220,2,2,0.0,-1
220,2,3,0.0,-1
220,2,4,0.0,-1
220,2,5,0.0,-1
221,0,0,0.0,-1
221,0,1,0.0,-1
221,0,2,0.0,-1
221,0,3,0.0,-1
221,0,4,0.0,-1
221,0,5,0.0,-1
221,1,0,0.384,-1
221,1,1,0.385,-1
221,1,2,0.001,-1
221,1,3,0.08,-1
221,1,4,0.144,-1
221,1,5,0.006000000000000002,-1
221,2,0,0.0,-1
221,2,1,0.0,-1
221,2,2,0.0,-1
221,2,3,0.0,-1
221,2,4,0.0,-1
221,2,5,0.0,-1
222,0,0,0.0,-1
222,0,1,0.0,-1
222,0,2,0.0,-1
222,0,3,0.0,-1
222,0,4,0.0,-1
222,0,5,0.0,-1
222,1,0,0.193,-1
222,1,1,0.737,-1
222,1,2,0.015,-1
222,1,3,0.047,-1
222,1,4,0.0,-1
222,1,5,0.008000000000000004,-1
222,2,0,0.0,-1
222,2,1,0.0,-1
222,2,2,0.0,-1
222,2,3,0.0,-1
222,2,4,0.0,-1
222,2,5,0.0,-1
223,0,0,0.0,-1
223,0,1,0.0,-1
223,0,2,0.0,-1
223,0,3,0.0,-1
223,0,4,0.0,-1
223,0,5,0.0,-1
223,1,0,0.361,-1
223,1,1,0.535,-1
223,1,2,0.0,-1
223,1,3,0.095,-1
223,1,4,0.004,-1
223,1,5,0.005000000000000002,-1
223,2,0,0.0,-1
223,2,1,0.0,-1
223,2,2,0.0,-1
223,2,3,0.0,-1
223,2,4,0.0,-1
223,2,5,0.0,-1
224,0,0,0.0,-1
224,0,1,0.0,-1
224,0,2,0.0,-1
224,0,3,0.0,-1
224,0,4,0.0,-1
224,0,5,0.0,-1
224,1,0,0.474,-1
224,1,1,0.122,-1
224,1,2,0.0,-1
224,1,3,0.138,-1
224,1,4,0.263,-1
224,1,5,0.003000000000000001,-1
224,2,0,0.0,-1
224,2,1,0.0,-1
224,2,2,0.0,-1
224,2,3,0.0,-1
224,2,4,0.0,-1
224,2,5,0.0,-1
225,0,0,0.0,-1
225,0,1,0.0,-1
225,0,2,0.0,-1
225,0,3,0.0,-1
225,0,4,0.0,-1
225,0,5,0.0,-1
225,1,0,0.49,-1
225,1,1,0.062,-1
225,1,2,0.0,-1
225,1,3,0.067,-1
225,1,4,0.373,-1
225,1,5,0.008,-1
225,2,0,0.0,-1
225,2,1,0.0,-1
225,2,2,0.0,-1
225,2,3,0.0,-1
225,2,4,0.0,-1
225,2,5,0.0,-1
226,0,0,0.0,-1
226,0,1,0.0,-1
226,0,2,0.0,-1
226,0,3,0.0,-1
226,0,4,0.0,-1
226,0,5,0.0,-1
226,1,0,0.444,-1
226,1,1,0.451,-1
226,1,2,0.0,-1
226,1,3,0.077,-1
226,1,4,0.026,-1
226,1,5,0.002000000000000001,-1
226,2,0,0.0,-1
226,2,1,0.0,-1
226,2,2,0.0,-1
226,2,3,0.0,-1
226,2,4,0.0,-1
226,2,5,0.0,-1
227,0,0,0.0,-1
227,0,1,0.0,-1
227,0,2,0.0,-1
227,0,3,0.0,-1
227,0,4,0.0,-1
227,0,5,0.0,-1
227,1,0,0.462,-1
227,1,1,0.228,-1
227,1,2,0.0,-1
227,1,3,0.074,-1
227,1,4,0.232,-1
227,1,5,0.00400000000000011,-1
227,2,0,0.0,-1
227,2,1,0.0,-1
227,2,2,0.0,-1
227,2,3,0.0,-1
227,2,4,0.0,-1
227,2,5,0.0,-1
228,0,0,0.0,-1
228,0,1,0.0,-1
228,0,2,0.0,-1
228,0,3,0.0,-1
228,0,4,0.0,-1
228,0,5,0.0,-1
228,1,0,0.355,-1
228,1,1,0.004,-1
228,1,2,0.0,-1
228,1,3,0.06,-1
228,1,4,0.571,-1
228,1,5,0.01000000000000011,-1
228,2,0,0.0,-1
228,2,1,0.0,-1
228,2,2,0.0,-1
228,2,3,0.0,-1
228,2,4,0.0,-1
228,2,5,0.0,-1
229,0,0,0.0,-1
229,0,1,0.0,-1
229,0,2,0.0,-1
229,0,3,0.0,-1
229,0,4,0.0,-1
229,0,5,0.0,-1
229,1,0,0.326,-1
229,1,1,0.009,-1
229,1,2,0.012,-1
229,1,3,0.04,-1
229,1,4,0.592,-1
229,1,5,0.021000000000000008,-1
229,2,0,0.0,-1
229,2,1,0.0,-1
229,2,2,0.0,-1
229,2,3,0.0,-1
229,2,4,0.0,-1
229,2,5,0.0,-1
230,0,0,0.0,-1
230,0,1,0.0,-1
230,0,2,0.0,-1
230,0,3,0.0,-1
230,0,4,0.0,-1
230,0,5,0.0,-1
230,1,0,0.24,-1
230,1,1,0.0,-1
230,1,2,0.015,-1
230,1,3,0.036,-1
230,1,4,0.686,-1
230,1,5,0.0229999999999999,-1
230,2,0,0.0,-1
230,2,1,0.0,-1
230,2,2,0.0,-1
230,2,3,0.0,-1
230,2,4,0.0,-1
230,2,5,0.0,-1
231,0,0,0.0,-1
231,0,1,0.0,-1
231,0,2,0.0,-1
231,0,3,0.0,-1
231,0,4,0.0,-1
231,0,5,0.0,-1
231,1,0,0.533,-1
231,1,1,0.298,-1
231,1,2,0.003,-1
231,1,3,0.039,-1
231,1,4,0.12,-1
231,1,5,0.007000000000000001,-1
231,2,0,0.0,-1
231,2,1,0.0,-1
231,2,2,0.0,-1
231,2,3,0.0,-1
231,2,4,0.0,-1
231,2,5,0.0,-1
232,0,0,0.0,0.9560012817382812
232,0,1,0.0,0.9560012817382812
232,0,2,0.0,0.9560012817382812
232,0,3,0.0,0.9560012817382812
232,0,4,0.0,0.9560012817382812
232,0,5,0.0,0.9560012817382812
232,1,0,0.148,0.9560012817382812
232,1,1,0.728,0.9560012817382812
232,1,2,0.058,0.9560012817382812
232,1,3,0.066,0.9560012817382812
232,1,4,0.0,0.9560012817382812
232,1,5,0.0,0.9560012817382812
232,2,0,0.0,0.9560012817382812
232,2,1,0.0,0.9560012817382812
232,2,2,0.0,0.9560012817382812
232,2,3,0.0,0.9560012817382812
232,2,4,0.0,0.9560012817382812
232,2,5,0.0,0.9560012817382812
233,0,0,0.468,-1
233,0,1,0.353,-1
233,0,2,0.003,-1
233,0,3,0.063,-1
233,0,4,0.108,-1
233,0,5,0.005000000000000002,-1
233,1,0,0.0,-1
233,1,1,0.0,-1
233,1,2,0.0,-1
233,1,3,0.0,-1
233,1,4,0.0,-1
233,1,5,0.0,-1
233,2,0,0.0,-1
233,2,1,0.0,-1
233,2,2,0.0,-1
233,2,3,0.0,-1
233,2,4,0.0,-1
233,2,5,0.0,-1
234,0,0,0.619,-1
234,0,1,0.086,-1
234,0,2,0.0,-1
234,0,3,0.053,-1
234,0,4,0.238,-1
234,0,5,0.00400000000000011,-1
234,1,0,0.0,-1
234,1,1,0.0,-1
234,1,2,0.0,-1
234,1,3,0.0,-1
234,1,4,0.0,-1
234,1,5,0.0,-1
234,2,0,0.0,-1
234,2,1,0.0,-1
234,2,2,0.0,-1
234,2,3,0.0,-1
234,2,4,0.0,-1
234,2,5,0.0,-1
235,0,0,0.393,-1
235,0,1,0.014,-1
235,0,2,0.016,-1
235,0,3,0.027,-1
235,0,4,0.521,-1
235,0,5,0.028999999999999897,-1
235,1,0,0.0,-1
235,1,1,0.0,-1
235,1,2,0.0,-1
235,1,3,0.0,-1
235,1,4,0.0,-1
235,1,5,0.0,-1
235,2,0,0.0,-1
235,2,1,0.0,-1
235,2,2,0.0,-1
235,2,3,0.0,-1
235,2,4,0.0,-1
235,2,5,0.0,-1
236,0,0,0.09,-1
236,0,1,0.0,-1
236,0,2,0.086,-1
236,0,3,0.005,-1
236,0,4,0.781,-1
236,0,5,0.03800000000000002,-1
236,1,0,0.0,-1
236,1,1,0.0,-1
236,1,2,0.0,-1
236,1,3,0.0,-1
236,1,4,0.0,-1
236,1,5,0.0,-1
236,2,0,0.0,-1
236,2,1,0.0,-1
236,2,2,0.0,-1
236,2,3,0.0,-1
236,2,4,0.0,-1
236,2,5,0.0,-1
237,0,0,0.256,0.22100067138671875
237,0,1,0.001,0.22100067138671875
237,0,2,0.015,0.22100067138671875
237,0,3,0.026,0.22100067138671875
237,0,4,0.67,0.22100067138671875
237,0,5,0.0319999999999999,0.22100067138671875
237,1,0,0.0,0.22100067138671875
237,1,1,0.0,0.22100067138671875
237,1,2,0.0,0.22100067138671875
237,1,3,0.0,0.22100067138671875
237,1,4,0.0,0.22100067138671875
237,1,5,0.0,0.22100067138671875
237,2,0,0.0,0.22100067138671875
237,2,1,0.0,0.22100067138671875
237,2,2,0.0,0.22100067138671875
237,2,3,0.0,0.22100067138671875
237,2,4,0.0,0.22100067138671875
237,2,5,0.0,0.22100067138671875
238,0,0,0.0,-1
238,0,1,0.0,-1
238,0,2,0.0,-1
238,0,3,0.0,-1
238,0,4,0.0,-1
238,0,5,0.0,-1
238,1,0,0.467,-1
238,1,1,0.055,-1
238,1,2,0.01,-1
238,1,3,0.037,-1
238,1,4,0.415,-1
238,1,5,0.016000000000000004,-1
238,2,0,0.0,-1
238,2,1,0.0,-1
238,2,2,0.0,-1
238,2,3,0.0,-1
238,2,4,0.0,-1
238,2,5,0.0,-1
239,0,0,0.0,-1
239,0,1,0.0,-1
239,0,2,0.0,-1
239,0,3,0.0,-1
239,0,4,0.0,-1
239,0,5,0.0,-1
239,1,0,0.132,-1
239,1,1,0.0,-1
239,1,2,0.045,-1
239,1,3,0.022,-1
239,1,4,0.774,-1
239,1,5,0.027000000000000017,-1
239,2,0,0.0,-1
239,2,1,0.0,-1
239,2,2,0.0,-1
239,2,3,0.0,-1
239,2,4,0.0,-1
239,2,5,0.0,-1
240,0,0,0.0,0.09799957275390625
240,0,1,0.0,0.09799957275390625
240,0,2,0.0,0.09799957275390625
240,0,3,0.0,0.09799957275390625
240,0,4,0.0,0.09799957275390625
240,0,5,0.0,0.09799957275390625
240,1,0,0.052,0.09799957275390625
240,1,1,0.0,0.09799957275390625
240,1,2,0.183,0.09799957275390625
240,1,3,0.027,0.09799957275390625
240,1,4,0.7,0.09799957275390625
240,1,5,0.03800000000000002,0.09799957275390625
240,2,0,0.0,0.09799957275390625
240,2,1,0.0,0.09799957275390625
240,2,2,0.0,0.09799957275390625
240,2,3,0.0,0.09799957275390625
240,2,4,0.0,0.09799957275390625
240,2,5,0.0,0.09799957275390625
241,0,0,0.0,-1
241,0,1,0.0,-1
241,0,2,0.0,-1
241,0,3,0.0,-1
241,0,4,0.0,-1
241,0,5,0.0,-1
241,1,0,0.0,-1
241,1,1,0.0,-1
241,1,2,0.0,-1
241,1,3,0.0,-1
241,1,4,0.0,-1
241,1,5,0.0,-1
241,2,0,0.0,-1
241,2,1,0.012,-1
241,2,2,0.604,-1
241,2,3,0.016,-1
241,2,4,0.311,-1
241,2,5,0.05699999999999991,-1
242,0,0,0.0,-1
242,0,1,0.0,-1
242,0,2,0.0,-1
242,0,3,0.0,-1
242,0,4,0.0,-1
242,0,5,0.0,-1
242,1,0,0.0,-1
242,1,1,0.0,-1
242,1,2,0.0,-1
242,1,3,0.0,-1
242,1,4,0.0,-1
242,1,5,0.0,-1
242,2,0,0.0,-1
242,2,1,0.095,-1
242,2,2,0.62,-1
242,2,3,0.046,-1
242,2,4,0.206,-1
242,2,5,0.033000000000000015,-1
243,0,0,0.0,-1
243,0,1,0.0,-1
243,0,2,0.0,-1
243,0,3,0.0,-1
243,0,4,0.0,-1
243,0,5,0.0,-1
243,1,0,0.0,-1
243,1,1,0.0,-1
243,1,2,0.0,-1
243,1,3,0.0,-1
243,1,4,0.0,-1
243,1,5,0.0,-1
243,2,0,0.0,-1
243,2,1,0.104,-1
243,2,2,0.555,-1
243,2,3,0.115,-1
243,2,4,0.226,-1
243,2,5,0.0,-1
244,0,0,0.0,-1
244,0,1,0.0,-1
244,0,2,0.0,-1
244,0,3,0.0,-1
244,0,4,0.0,-1
244,0,5,0.0,-1
244,1,0,0.0,-1
244,1,1,0.0,-1
244,1,2,0.0,-1
244,1,3,0.0,-1
244,1,4,0.0,-1
244,1,5,0.0,-1
244,2,0,0.0,-1
244,2,1,0.186,-1
244,2,2,0.64,-1
244,2,3,0.01,-1
244,2,4,0.124,-1
244,2,5,0.03999999999999991,-1
245,0,0,0.0,-1
245,0,1,0.0,-1
245,0,2,0.0,-1
245,0,3,0.0,-1
245,0,4,0.0,-1
245,0,5,0.0,-1
245,1,0,0.0,-1
245,1,1,0.0,-1
245,1,2,0.0,-1
245,1,3,0.0,-1
245,1,4,0.0,-1
245,1,5,0.0,-1
245,2,0,0.001,-1
245,2,1,0.505,-1
245,2,2,0.434,-1
245,2,3,0.044,-1
245,2,4,0.001,-1
245,2,5,0.015000000000000005,-1
246,0,0,0.0,-1
246,0,1,0.0,-1
246,0,2,0.0,-1
246,0,3,0.0,-1
246,0,4,0.0,-1
246,0,5,0.0,-1
246,1,0,0.0,-1
246,1,1,0.0,-1
246,1,2,0.0,-1
246,1,3,0.0,-1
246,1,4,0.0,-1
246,1,5,0.0,-1
246,2,0,0.036,-1
246,2,1,0.729,-1
246,2,2,0.177,-1
246,2,3,0.058,-1
246,2,4,0.0,-1
246,2,5,0.0,-1
247,0,0,0.0,-1
247,0,1,0.0,-1
247,0,2,0.0,-1
247,0,3,0.0,-1
247,0,4,0.0,-1
247,0,5,0.0,-1
247,1,0,0.0,-1
247,1,1,0.0,-1
247,1,2,0.0,-1
247,1,3,0.0,-1
247,1,4,0.0,-1
247,1,5,0.0,-1
247,2,0,0.067,-1
247,2,1,0.715,-1
247,2,2,0.143,-1
247,2,3,0.075,-1
247,2,4,0.0,-1
247,2,5,0.0,-1
248,0,0,0.0,0.6819992065429688
248,0,1,0.0,0.6819992065429688
248,0,2,0.0,0.6819992065429688
248,0,3,0.0,0.6819992065429688
248,0,4,0.0,0.6819992065429688
248,0,5,0.0,0.6819992065429688
248,1,0,0.0,0.6819992065429688
248,1,1,0.0,0.6819992065429688
248,1,2,0.0,0.6819992065429688
248,1,3,0.0,0.6819992065429688
248,1,4,0.0,0.6819992065429688
248,1,5,0.0,0.6819992065429688
248,2,0,0.09,0.6819992065429688
248,2,1,0.701,0.6819992065429688
248,2,2,0.118,0.6819992065429688
248,2,3,0.09100000000000011,0.6819992065429688
248,2,4,0.0,0.6819992065429688
248,2,5,0.0,0.6819992065429688
249,0,0,0.0,-1
249,0,1,0.0,-1
249,0,2,0.0,-1
249,0,3,0.0,-1
249,0,4,0.0,-1
249,0,5,0.0,-1
249,1,0,0.308,-1
249,1,1,0.566,-1
249,1,2,0.024,-1
249,1,3,0.092,-1
249,1,4,0.010000000000000113,-1
249,1,5,0.0,-1
249,2,0,0.0,-1
249,2,1,0.0,-1
249,2,2,0.0,-1
249,2,3,0.0,-1
249,2,4,0.0,-1
249,2,5,0.0,-1
250,0,0,0.0,-1
250,0,1,0.0,-1
250,0,2,0.0,-1
250,0,3,0.0,-1
250,0,4,0.0,-1
250,0,5,0.0,-1
250,1,0,0.491,-1
250,1,1,0.078,-1
250,1,2,0.0,-1
250,1,3,0.12,-1
250,1,4,0.3110000000000001,-1
250,1,5,0.0,-1
250,2,0,0.0,-1
250,2,1,0.0,-1
250,2,2,0.0,-1
250,2,3,0.0,-1
250,2,4,0.0,-1
250,2,5,0.0,-1
251,0,0,0.0,-1
251,0,1,0.0,-1
251,0,2,0.0,-1
251,0,3,0.0,-1
251,0,4,0.0,-1
251,0,5,0.0,-1
251,1,0,0.386,-1
251,1,1,0.066,-1
251,1,2,0.0,-1
251,1,3,0.053,-1
251,1,4,0.48,-1
251,1,5,0.015000000000000001,-1
251,2,0,0.0,-1
251,2,1,0.0,-1
251,2,2,0.0,-1
251,2,3,0.0,-1
251,2,4,0.0,-1
251,2,5,0.0,-1
252,0,0,0.0,-1
252,0,1,0.0,-1
252,0,2,0.0,-1
252,0,3,0.0,-1
252,0,4,0.0,-1
252,0,5,0.0,-1
252,1,0,0.112,-1
252,1,1,0.576,-1
252,1,2,0.247,-1
252,1,3,0.051,-1
252,1,4,0.0,-1
252,1,5,0.014000000000000002,-1
252,2,0,0.0,-1
252,2,1,0.0,-1
252,2,2,0.0,-1
252,2,3,0.0,-1
252,2,4,0.0,-1
252,2,5,0.0,-1
253,0,0,0.0,-1
253,0,1,0.0,-1
253,0,2,0.0,-1
253,0,3,0.0,-1
253,0,4,0.0,-1
253,0,5,0.0,-1
253,1,0,0.048,-1
253,1,1,0.663,-1
253,1,2,0.235,-1
253,1,3,0.047,-1
253,1,4,0.0,-1
253,1,5,0.006999999999999891,-1
253,2,0,0.0,-1
253,2,1,0.0,-1
253,2,2,0.0,-1
253,2,3,0.0,-1
253,2,4,0.0,-1
253,2,5,0.0,-1
254,0,0,0.0,-1
254,0,1,0.0,-1
254,0,2,0.0,-1
254,0,3,0.0,-1
254,0,4,0.0,-1
254,0,5,0.0,-1
254,1,0,0.154,-1
254,1,1,0.73,-1
254,1,2,0.071,-1
254,1,3,0.038,-1
254,1,4,0.0,-1
254,1,5,0.007000000000000002,-1
254,2,0,0.0,-1
254,2,1,0.0,-1
254,2,2,0.0,-1
254,2,3,0.0,-1
254,2,4,0.0,-1
254,2,5,0.0,-1
255,0,0,0.0,-1
255,0,1,0.0,-1
255,0,2,0.0,-1
255,0,3,0.0,-1
255,0,4,0.0,-1
255,0,5,0.0,-1
255,1,0,0.345,-1
255,1,1,0.579,-1
255,1,2,0.008,-1
255,1,3,0.025,-1
255,1,4,0.0,-1
255,1,5,0.04300000000000001,-1
255,2,0,0.0,-1
255,2,1,0.0,-1
255,2,2,0.0,-1
255,2,3,0.0,-1
255,2,4,0.0,-1
255,2,5,0.0,-1
