#chunkId,viewpointId,tileId,visibilityRatio,switchingDecisionTime
0,0,0,0.0,-1
0,0,1,0.371,-1
0,0,2,0.55,-1
0,0,3,0.006,-1
0,0,4,0.0,-1
0,0,5,0.07300000000000001,-1
0,1,0,0.0,-1
0,1,1,0.0,-1
0,1,2,0.0,-1
0,1,3,0.0,-1
0,1,4,0.0,-1
0,1,5,0.0,-1
0,2,0,0.0,-1
0,2,1,0.0,-1
0,2,2,0.0,-1
0,2,3,0.0,-1
0,2,4,0.0,-1
0,2,5,0.0,-1
1,0,0,0.0,-1
1,0,1,0.484,-1
1,0,2,0.441,-1
1,0,3,0.005,-1
1,0,4,0.0,-1
1,0,5,0.0699999999999999,-1
1,1,0,0.0,-1
1,1,1,0.0,-1
1,1,2,0.0,-1
1,1,3,0.0,-1
1,1,4,0.0,-1
1,1,5,0.0,-1
1,2,0,0.0,-1
1,2,1,0.0,-1
1,2,2,0.0,-1
1,2,3,0.0,-1
1,2,4,0.0,-1
1,2,5,0.0,-1
2,0,0,0.0,-1
2,0,1,0.705,-1
2,0,2,0.261,-1
2,0,3,0.0,-1
2,0,4,0.0,-1
2,0,5,0.034000000000000016,-1
2,1,0,0.0,-1
2,1,1,0.0,-1
2,1,2,0.0,-1
2,1,3,0.0,-1
2,1,4,0.0,-1
2,1,5,0.0,-1
2,2,0,0.0,-1
2,2,1,0.0,-1
2,2,2,0.0,-1
2,2,3,0.0,-1
2,2,4,0.0,-1
2,2,5,0.0,-1
3,0,0,0.0,-1
3,0,1,0.713,-1
3,0,2,0.255,-1
3,0,3,0.0,-1
3,0,4,0.0,-1
3,0,5,0.032000000000000015,-1
3,1,0,0.0,-1
3,1,1,0.0,-1
3,1,2,0.0,-1
3,1,3,0.0,-1
3,1,4,0.0,-1
3,1,5,0.0,-1
3,2,0,0.0,-1
3,2,1,0.0,-1
3,2,2,0.0,-1
3,2,3,0.0,-1
3,2,4,0.0,-1
3,2,5,0.0,-1
4,0,0,0.0,-1
4,0,1,0.537,-1
4,0,2,0.406,-1
4,0,3,0.006,-1
4,0,4,0.0,-1
4,0,5,0.0509999999999999,-1
4,1,0,0.0,-1
4,1,1,0.0,-1
4,1,2,0.0,-1
4,1,3,0.0,-1
4,1,4,0.0,-1
4,1,5,0.0,-1
4,2,0,0.0,-1
4,2,1,0.0,-1
4,2,2,0.0,-1
4,2,3,0.0,-1
4,2,4,0.0,-1
4,2,5,0.0,-1
5,0,0,0.004,-1
5,0,1,0.066,-1
5,0,2,0.56,-1
5,0,3,0.017,-1
5,0,4,0.3,-1
5,0,5,0.05299999999999991,-1
5,1,0,0.0,-1
5,1,1,0.0,-1
5,1,2,0.0,-1
5,1,3,0.0,-1
5,1,4,0.0,-1
5,1,5,0.0,-1
5,2,0,0.0,-1
5,2,1,0.0,-1
5,2,2,0.0,-1
5,2,3,0.0,-1
5,2,4,0.0,-1
5,2,5,0.0,-1
6,0,0,0.004,-1
6,0,1,0.053,-1
6,0,2,0.522,-1
6,0,3,0.02,-1
6,0,4,0.347,-1
6,0,5,0.05400000000000002,-1
6,1,0,0.0,-1
6,1,1,0.0,-1
6,1,2,0.0,-1
6,1,3,0.0,-1
6,1,4,0.0,-1
6,1,5,0.0,-1
6,2,0,0.0,-1
6,2,1,0.0,-1
6,2,2,0.0,-1
6,2,3,0.0,-1
6,2,4,0.0,-1
6,2,5,0.0,-1
7,0,0,0.04,-1
7,0,1,0.611,-1
7,0,2,0.297,-1
7,0,3,0.011,-1
7,0,4,0.0,-1
7,0,5,0.04100000000000001,-1
7,1,0,0.0,-1
7,1,1,0.0,-1
7,1,2,0.0,-1
7,1,3,0.0,-1
7,1,4,0.0,-1
7,1,5,0.0,-1
7,2,0,0.0,-1
7,2,1,0.0,-1
7,2,2,0.0,-1
7,2,3,0.0,-1
7,2,4,0.0,-1
7,2,5,0.0,-1
8,0,0,0.52,-1
8,0,1,0.374,-1
8,0,2,0.01,-1
8,0,3,0.038,-1
8,0,4,0.035,-1
8,0,5,0.022999999999999896,-1
8,1,0,0.0,-1
8,1,1,0.0,-1
8,1,2,0.0,-1
8,1,3,0.0,-1
8,1,4,0.0,-1
8,1,5,0.0,-1
8,2,0,0.0,-1
8,2,1,0.0,-1
8,2,2,0.0,-1
8,2,3,0.0,-1
8,2,4,0.0,-1
8,2,5,0.0,-1
9,0,0,0.644,-1
9,0,1,0.244,-1
9,0,2,0.0,-1
9,0,3,0.016,-1
9,0,4,0.055,-1
9,0,5,0.04099999999999989,-1
9,1,0,0.0,-1
9,1,1,0.0,-1
9,1,2,0.0,-1
9,1,3,0.0,-1
9,1,4,0.0,-1
9,1,5,0.0,-1
9,2,0,0.0,-1
9,2,1,0.0,-1
9,2,2,0.0,-1
9,2,3,0.0,-1
9,2,4,0.0,-1
9,2,5,0.0,-1
10,0,0,0.65,-1
10,0,1,0.232,-1
10,0,2,0.0,-1
10,0,3,0.008,-1
10,0,4,0.058,-1
10,0,5,0.051999999999999894,-1
10,1,0,0.0,-1
10,1,1,0.0,-1
10,1,2,0.0,-1
10,1,3,0.0,-1
10,1,4,0.0,-1
10,1,5,0.0,-1
10,2,0,0.0,-1
10,2,1,0.0,-1
10,2,2,0.0,-1
10,2,3,0.0,-1
10,2,4,0.0,-1
10,2,5,0.0,-1
11,0,0,0.711,-1
11,0,1,0.14,-1
11,0,2,0.0,-1
11,0,3,0.006,-1
11,0,4,0.109,-1
11,0,5,0.034,-1
11,1,0,0.0,-1
11,1,1,0.0,-1
11,1,2,0.0,-1
11,1,3,0.0,-1
11,1,4,0.0,-1
11,1,5,0.0,-1
11,2,0,0.0,-1
11,2,1,0.0,-1
11,2,2,0.0,-1
11,2,3,0.0,-1
11,2,4,0.0,-1
11,2,5,0.0,-1
12,0,0,0.641,-1
12,0,1,0.247,-1
12,0,2,0.0,-1
12,0,3,0.011,-1
12,0,4,0.051,-1
12,0,5,0.04999999999999989,-1
12,1,0,0.0,-1
12,1,1,0.0,-1
12,1,2,0.0,-1
12,1,3,0.0,-1
12,1,4,0.0,-1
12,1,5,0.0,-1
12,2,0,0.0,-1
12,2,1,0.0,-1
12,2,2,0.0,-1
12,2,3,0.0,-1
12,2,4,0.0,-1
12,2,5,0.0,-1
13,0,0,0.666,-1
13,0,1,0.209,-1
13,0,2,0.0,-1
13,0,3,0.008,-1
13,0,4,0.07,-1
13,0,5,0.046999999999999896,-1
13,1,0,0.0,-1
13,1,1,0.0,-1
13,1,2,0.0,-1
13,1,3,0.0,-1
13,1,4,0.0,-1
13,1,5,0.0,-1
13,2,0,0.0,-1
13,2,1,0.0,-1
13,2,2,0.0,-1
13,2,3,0.0,-1
13,2,4,0.0,-1
13,2,5,0.0,-1
14,0,0,0.667,-1
14,0,1,0.204,-1
14,0,2,0.0,-1
14,0,3,0.005,-1
14,0,4,0.07,-1
14,0,5,0.054000000000000006,-1
14,1,0,0.0,-1
14,1,1,0.0,-1
14,1,2,0.0,-1
14,1,3,0.0,-1
14,1,4,0.0,-1
14,1,5,0.0,-1
14,2,0,0.0,-1
14,2,1,0.0,-1
14,2,2,0.0,-1
14,2,3,0.0,-1
14,2,4,0.0,-1
14,2,5,0.0,-1
15,0,0,0.676,-1
15,0,1,0.168,-1
15,0,2,0.0,-1
15,0,3,0.006,-1
15,0,4,0.089,-1
15,0,5,0.060999999999999895,-1
15,1,0,0.0,-1
15,1,1,0.0,-1
15,1,2,0.0,-1
15,1,3,0.0,-1
15,1,4,0.0,-1
15,1,5,0.0,-1
15,2,0,0.0,-1
15,2,1,0.0,-1
15,2,2,0.0,-1
15,2,3,0.0,-1
15,2,4,0.0,-1
15,2,5,0.0,-1
16,0,0,0.564,-1
16,0,1,0.055,-1
16,0,2,0.0,-1
16,0,3,0.008,-1
16,0,4,0.314,-1
16,0,5,0.05899999999999989,-1
16,1,0,0.0,-1
16,1,1,0.0,-1
16,1,2,0.0,-1
16,1,3,0.0,-1
16,1,4,0.0,-1
16,1,5,0.0,-1
16,2,0,0.0,-1
16,2,1,0.0,-1
16,2,2,0.0,-1
16,2,3,0.0,-1
16,2,4,0.0,-1
16,2,5,0.0,-1
17,0,0,0.188,-1
17,0,1,0.0,-1
17,0,2,0.017,-1
17,0,3,0.045,-1
17,0,4,0.726,-1
17,0,5,0.024000000000000007,-1
17,1,0,0.0,-1
17,1,1,0.0,-1
17,1,2,0.0,-1
17,1,3,0.0,-1
17,1,4,0.0,-1
17,1,5,0.0,-1
17,2,0,0.0,-1
17,2,1,0.0,-1
17,2,2,0.0,-1
17,2,3,0.0,-1
17,2,4,0.0,-1
17,2,5,0.0,-1
18,0,0,0.406,-1
18,0,1,0.011,-1
18,0,2,0.003,-1
18,0,3,0.036,-1
18,0,4,0.51,-1
18,0,5,0.034,-1
18,1,0,0.0,-1
18,1,1,0.0,-1
18,1,2,0.0,-1
18,1,3,0.0,-1
18,1,4,0.0,-1
18,1,5,0.0,-1
18,2,0,0.0,-1
18,2,1,0.0,-1
18,2,2,0.0,-1
18,2,3,0.0,-1
18,2,4,0.0,-1
18,2,5,0.0,-1
19,0,0,0.682,-1
19,0,1,0.151,-1
19,0,2,0.0,-1
19,0,3,0.0,-1
19,0,4,0.096,-1
19,0,5,0.0709999999999999,-1
19,1,0,0.0,-1
19,1,1,0.0,-1
19,1,2,0.0,-1
19,1,3,0.0,-1
19,1,4,0.0,-1
19,1,5,0.0,-1
19,2,0,0.0,-1
19,2,1,0.0,-1
19,2,2,0.0,-1
19,2,3,0.0,-1
19,2,4,0.0,-1
19,2,5,0.0,-1
20,0,0,0.675,-1
20,0,1,0.178,-1
20,0,2,0.0,-1
20,0,3,0.005,-1
20,0,4,0.081,-1
20,0,5,0.061000000000000006,-1
20,1,0,0.0,-1
20,1,1,0.0,-1
20,1,2,0.0,-1
20,1,3,0.0,-1
20,1,4,0.0,-1
20,1,5,0.0,-1
20,2,0,0.0,-1
20,2,1,0.0,-1
20,2,2,0.0,-1
20,2,3,0.0,-1
20,2,4,0.0,-1
20,2,5,0.0,-1
21,0,0,0.7,-1
21,0,1,0.156,-1
21,0,2,0.0,-1
21,0,3,0.02,-1
21,0,4,0.099,-1
21,0,5,0.025000000000000005,-1
21,1,0,0.0,-1
21,1,1,0.0,-1
21,1,2,0.0,-1
21,1,3,0.0,-1
21,1,4,0.0,-1
21,1,5,0.0,-1
21,2,0,0.0,-1
21,2,1,0.0,-1
21,2,2,0.0,-1
21,2,3,0.0,-1
21,2,4,0.0,-1
21,2,5,0.0,-1
22,0,0,0.696,-1
22,0,1,0.107,-1
22,0,2,0.0,-1
22,0,3,0.011,-1
22,0,4,0.131,-1
22,0,5,0.05500000000000001,-1
22,1,0,0.0,-1
22,1,1,0.0,-1
22,1,2,0.0,-1
22,1,3,0.0,-1
22,1,4,0.0,-1
22,1,5,0.0,-1
22,2,0,0.0,-1
22,2,1,0.0,-1
22,2,2,0.0,-1
22,2,3,0.0,-1
22,2,4,0.0,-1
22,2,5,0.0,-1
23,0,0,0.549,-1
23,0,1,0.028,-1
23,0,2,0.0,-1
23,0,3,0.003,-1
23,0,4,0.319,-1
23,0,5,0.101,-1
23,1,0,0.0,-1
23,1,1,0.0,-1
23,1,2,0.0,-1
23,1,3,0.0,-1
23,1,4,0.0,-1
23,1,5,0.0,-1
23,2,0,0.0,-1
23,2,1,0.0,-1
23,2,2,0.0,-1
23,2,3,0.0,-1
23,2,4,0.0,-1
23,2,5,0.0,-1
24,0,0,0.347,-1
24,0,1,0.002,-1
24,0,2,0.001,-1
24,0,3,0.005,-1
24,0,4,0.576,-1
24,0,5,0.069,-1
24,1,0,0.0,-1
24,1,1,0.0,-1
24,1,2,0.0,-1
24,1,3,0.0,-1
24,1,4,0.0,-1
24,1,5,0.0,-1
24,2,0,0.0,-1
24,2,1,0.0,-1
24,2,2,0.0,-1
24,2,3,0.0,-1
24,2,4,0.0,-1
24,2,5,0.0,-1
25,0,0,0.649,-1
25,0,1,0.145,-1
25,0,2,0.0,-1
25,0,3,0.0,-1
25,0,4,0.102,-1
25,0,5,0.10400000000000001,-1
25,1,0,0.0,-1
25,1,1,0.0,-1
25,1,2,0.0,-1
25,1,3,0.0,-1
25,1,4,0.0,-1
25,1,5,0.0,-1
25,2,0,0.0,-1
25,2,1,0.0,-1
25,2,2,0.0,-1
25,2,3,0.0,-1
25,2,4,0.0,-1
25,2,5,0.0,-1
26,0,0,0.304,-1
26,0,1,0.0,-1
26,0,2,0.006,-1
26,0,3,0.002,-1
26,0,4,0.605,-1
26,0,5,0.083,-1
26,1,0,0.0,-1
26,1,1,0.0,-1
26,1,2,0.0,-1
26,1,3,0.0,-1
26,1,4,0.0,-1
26,1,5,0.0,-1
26,2,0,0.0,-1
26,2,1,0.0,-1
26,2,2,0.0,-1
26,2,3,0.0,-1
26,2,4,0.0,-1
26,2,5,0.0,-1
27,0,0,0.583,-1
27,0,1,0.115,-1
27,0,2,0.0,-1
27,0,3,0.001,-1
27,0,4,0.199,-1
27,0,5,0.10200000000000012,-1
27,1,0,0.0,-1
27,1,1,0.0,-1
27,1,2,0.0,-1
27,1,3,0.0,-1
27,1,4,0.0,-1
27,1,5,0.0,-1
27,2,0,0.0,-1
27,2,1,0.0,-1
27,2,2,0.0,-1
27,2,3,0.0,-1
27,2,4,0.0,-1
27,2,5,0.0,-1
28,0,0,0.688,-1
28,0,1,0.128,-1
28,0,2,0.0,-1
28,0,3,0.0,-1
28,0,4,0.11,-1
28,0,5,0.07400000000000001,-1
28,1,0,0.0,-1
28,1,1,0.0,-1
28,1,2,0.0,-1
28,1,3,0.0,-1
28,1,4,0.0,-1
28,1,5,0.0,-1
28,2,0,0.0,-1
28,2,1,0.0,-1
28,2,2,0.0,-1
28,2,3,0.0,-1
28,2,4,0.0,-1
28,2,5,0.0,-1
29,0,0,0.395,-1
29,0,1,0.003,-1
29,0,2,0.0,-1
29,0,3,0.013,-1
29,0,4,0.546,-1
29,0,5,0.04299999999999989,-1
29,1,0,0.0,-1
29,1,1,0.0,-1
29,1,2,0.0,-1
29,1,3,0.0,-1
29,1,4,0.0,-1
29,1,5,0.0,-1
29,2,0,0.0,-1
29,2,1,0.0,-1
29,2,2,0.0,-1
29,2,3,0.0,-1
29,2,4,0.0,-1
29,2,5,0.0,-1
30,0,0,0.082,-1
30,0,1,0.0,-1
30,0,2,0.231,-1
30,0,3,0.02,-1
30,0,4,0.609,-1
30,0,5,0.05800000000000002,-1
30,1,0,0.0,-1
30,1,1,0.0,-1
30,1,2,0.0,-1
30,1,3,0.0,-1
30,1,4,0.0,-1
30,1,5,0.0,-1
30,2,0,0.0,-1
30,2,1,0.0,-1
30,2,2,0.0,-1
30,2,3,0.0,-1
30,2,4,0.0,-1
30,2,5,0.0,-1
31,0,0,0.189,-1
31,0,1,0.0,-1
31,0,2,0.058,-1
31,0,3,0.013,-1
31,0,4,0.703,-1
31,0,5,0.037000000000000005,-1
31,1,0,0.0,-1
31,1,1,0.0,-1
31,1,2,0.0,-1
31,1,3,0.0,-1
31,1,4,0.0,-1
31,1,5,0.0,-1
31,2,0,0.0,-1
31,2,1,0.0,-1
31,2,2,0.0,-1
31,2,3,0.0,-1
31,2,4,0.0,-1
31,2,5,0.0,-1
32,0,0,0.234,-1
32,0,1,0.0,-1
32,0,2,0.0,-1
32,0,3,0.033,-1
32,0,4,0.732,-1
32,0,5,0.001,-1
32,1,0,0.0,-1
32,1,1,0.0,-1
32,1,2,0.0,-1
32,1,3,0.0,-1
32,1,4,0.0,-1
32,1,5,0.0,-1
32,2,0,0.0,-1
32,2,1,0.0,-1
32,2,2,0.0,-1
32,2,3,0.0,-1
32,2,4,0.0,-1
32,2,5,0.0,-1
33,0,0,0.233,-1
33,0,1,0.0,-1
33,0,2,0.0,-1
33,0,3,0.02,-1
33,0,4,0.739,-1
33,0,5,0.008,-1
33,1,0,0.0,-1
33,1,1,0.0,-1
33,1,2,0.0,-1
33,1,3,0.0,-1
33,1,4,0.0,-1
33,1,5,0.0,-1
33,2,0,0.0,-1
33,2,1,0.0,-1
33,2,2,0.0,-1
33,2,3,0.0,-1
33,2,4,0.0,-1
33,2,5,0.0,-1
34,0,0,0.227,-1
34,0,1,0.0,-1
34,0,2,0.0,-1
34,0,3,0.015,-1
34,0,4,0.743,-1
34,0,5,0.015,-1
34,1,0,0.0,-1
34,1,1,0.0,-1
34,1,2,0.0,-1
34,1,3,0.0,-1
34,1,4,0.0,-1
34,1,5,0.0,-1
34,2,0,0.0,-1
34,2,1,0.0,-1
34,2,2,0.0,-1
34,2,3,0.0,-1
34,2,4,0.0,-1
34,2,5,0.0,-1
35,0,0,0.23,-1
35,0,1,0.0,-1
35,0,2,0.0,-1
35,0,3,0.013,-1
35,0,4,0.735,-1
35,0,5,0.022,-1
35,1,0,0.0,-1
35,1,1,0.0,-1
35,1,2,0.0,-1
35,1,3,0.0,-1
35,1,4,0.0,-1
35,1,5,0.0,-1
35,2,0,0.0,-1
35,2,1,0.0,-1
35,2,2,0.0,-1
35,2,3,0.0,-1
35,2,4,0.0,-1
35,2,5,0.0,-1
36,0,0,0.228,-1
36,0,1,0.0,-1
36,0,2,0.001,-1
36,0,3,0.007,-1
36,0,4,0.726,-1
36,0,5,0.038,-1
36,1,0,0.0,-1
36,1,1,0.0,-1
36,1,2,0.0,-1
36,1,3,0.0,-1
36,1,4,0.0,-1
36,1,5,0.0,-1
36,2,0,0.0,-1
36,2,1,0.0,-1
36,2,2,0.0,-1
36,2,3,0.0,-1
36,2,4,0.0,-1
36,2,5,0.0,-1
37,0,0,0.21,-1
37,0,1,0.0,-1
37,0,2,0.029,-1
37,0,3,0.04,-1
37,0,4,0.67,-1
37,0,5,0.05099999999999989,-1
37,1,0,0.0,-1
37,1,1,0.0,-1
37,1,2,0.0,-1
37,1,3,0.0,-1
37,1,4,0.0,-1
37,1,5,0.0,-1
37,2,0,0.0,-1
37,2,1,0.0,-1
37,2,2,0.0,-1
37,2,3,0.0,-1
37,2,4,0.0,-1
37,2,5,0.0,-1
38,0,0,0.221,-1
38,0,1,0.0,-1
38,0,2,0.001,-1
38,0,3,0.008,-1
38,0,4,0.717,-1
38,0,5,0.053000000000000005,-1
38,1,0,0.0,-1
38,1,1,0.0,-1
38,1,2,0.0,-1
38,1,3,0.0,-1
38,1,4,0.0,-1
38,1,5,0.0,-1
38,2,0,0.0,-1
38,2,1,0.0,-1
38,2,2,0.0,-1
38,2,3,0.0,-1
38,2,4,0.0,-1
38,2,5,0.0,-1
39,0,0,0.214,-1
39,0,1,0.0,-1
39,0,2,0.002,-1
39,0,3,0.001,-1
39,0,4,0.723,-1
39,0,5,0.060000000000000005,-1
39,1,0,0.0,-1
39,1,1,0.0,-1
39,1,2,0.0,-1
39,1,3,0.0,-1
39,1,4,0.0,-1
39,1,5,0.0,-1
39,2,0,0.0,-1
39,2,1,0.0,-1
39,2,2,0.0,-1
39,2,3,0.0,-1
39,2,4,0.0,-1
39,2,5,0.0,-1
40,0,0,0.212,-1
40,0,1,0.0,-1
40,0,2,0.002,-1
40,0,3,0.001,-1
40,0,4,0.73,-1
40,0,5,0.055,-1
40,1,0,0.0,-1
40,1,1,0.0,-1
40,1,2,0.0,-1
40,1,3,0.0,-1
40,1,4,0.0,-1
40,1,5,0.0,-1
40,2,0,0.0,-1
40,2,1,0.0,-1
40,2,2,0.0,-1
40,2,3,0.0,-1
40,2,4,0.0,-1
40,2,5,0.0,-1
41,0,0,0.225,-1
41,0,1,0.0,-1
41,0,2,0.001,-1
41,0,3,0.001,-1
41,0,4,0.71,-1
41,0,5,0.06300000000000011,-1
41,1,0,0.0,-1
41,1,1,0.0,-1
41,1,2,0.0,-1
41,1,3,0.0,-1
41,1,4,0.0,-1
41,1,5,0.0,-1
41,2,0,0.0,-1
41,2,1,0.0,-1
41,2,2,0.0,-1
41,2,3,0.0,-1
41,2,4,0.0,-1
41,2,5,0.0,-1
42,0,0,0.222,-1
42,0,1,0.0,-1
42,0,2,0.0,-1
42,0,3,0.013,-1
42,0,4,0.724,-1
42,0,5,0.041,-1
42,1,0,0.0,-1
42,1,1,0.0,-1
42,1,2,0.0,-1
42,1,3,0.0,-1
42,1,4,0.0,-1
42,1,5,0.0,-1
42,2,0,0.0,-1
42,2,1,0.0,-1
42,2,2,0.0,-1
42,2,3,0.0,-1
42,2,4,0.0,-1
42,2,5,0.0,-1
43,0,0,0.227,-1
43,0,1,0.0,-1
43,0,2,0.006,-1
43,0,3,0.003,-1
43,0,4,0.666,-1
43,0,5,0.098,-1
43,1,0,0.0,-1
43,1,1,0.0,-1
43,1,2,0.0,-1
43,1,3,0.0,-1
43,1,4,0.0,-1
43,1,5,0.0,-1
43,2,0,0.0,-1
43,2,1,0.0,-1
43,2,2,0.0,-1
43,2,3,0.0,-1
43,2,4,0.0,-1
43,2,5,0.0,-1
44,0,0,0.224,-1
44,0,1,0.0,-1
44,0,2,0.005,-1
44,0,3,0.0,-1
44,0,4,0.676,-1
44,0,5,0.095,-1
44,1,0,0.0,-1
44,1,1,0.0,-1
44,1,2,0.0,-1
44,1,3,0.0,-1
44,1,4,0.0,-1
44,1,5,0.0,-1
44,2,0,0.0,-1
44,2,1,0.0,-1
44,2,2,0.0,-1
44,2,3,0.0,-1
44,2,4,0.0,-1
44,2,5,0.0,-1
45,0,0,0.223,-1
45,0,1,0.0,-1
45,0,2,0.004,-1
45,0,3,0.0,-1
45,0,4,0.686,-1
45,0,5,0.08700000000000001,-1
45,1,0,0.0,-1
45,1,1,0.0,-1
45,1,2,0.0,-1
45,1,3,0.0,-1
45,1,4,0.0,-1
45,1,5,0.0,-1
45,2,0,0.0,-1
45,2,1,0.0,-1
45,2,2,0.0,-1
45,2,3,0.0,-1
45,2,4,0.0,-1
45,2,5,0.0,-1
46,0,0,0.223,-1
46,0,1,0.0,-1
46,0,2,0.004,-1
46,0,3,0.002,-1
46,0,4,0.695,-1
46,0,5,0.07600000000000011,-1
46,1,0,0.0,-1
46,1,1,0.0,-1
46,1,2,0.0,-1
46,1,3,0.0,-1
46,1,4,0.0,-1
46,1,5,0.0,-1
46,2,0,0.0,-1
46,2,1,0.0,-1
46,2,2,0.0,-1
46,2,3,0.0,-1
46,2,4,0.0,-1
46,2,5,0.0,-1
47,0,0,0.226,-1
47,0,1,0.0,-1
47,0,2,0.002,-1
47,0,3,0.062,-1
47,0,4,0.71,-1
47,0,5,0.0,-1
47,1,0,0.0,-1
47,1,1,0.0,-1
47,1,2,0.0,-1
47,1,3,0.0,-1
47,1,4,0.0,-1
47,1,5,0.0,-1
47,2,0,0.0,-1
47,2,1,0.0,-1
47,2,2,0.0,-1
47,2,3,0.0,-1
47,2,4,0.0,-1
47,2,5,0.0,-1
48,0,0,0.228,-1
48,0,1,0.0,-1
48,0,2,0.009,-1
48,0,3,0.003,-1
48,0,4,0.65,-1
48,0,5,0.11,-1
48,1,0,0.0,-1
48,1,1,0.0,-1
48,1,2,0.0,-1
48,1,3,0.0,-1
48,1,4,0.0,-1
48,1,5,0.0,-1
48,2,0,0.0,-1
48,2,1,0.0,-1
48,2,2,0.0,-1
48,2,3,0.0,-1
48,2,4,0.0,-1
48,2,5,0.0,-1
49,0,0,0.219,-1
49,0,1,0.0,-1
49,0,2,0.012,-1
49,0,3,0.0,-1
49,0,4,0.654,-1
49,0,5,0.115,-1
49,1,0,0.0,-1
49,1,1,0.0,-1
49,1,2,0.0,-1
49,1,3,0.0,-1
49,1,4,0.0,-1
49,1,5,0.0,-1
49,2,0,0.0,-1
49,2,1,0.0,-1
49,2,2,0.0,-1
49,2,3,0.0,-1
49,2,4,0.0,-1
49,2,5,0.0,-1
50,0,0,0.226,-1
50,0,1,0.0,-1
50,0,2,0.005,-1
50,0,3,0.0,-1
50,0,4,0.671,-1
50,0,5,0.098,-1
50,1,0,0.0,-1
50,1,1,0.0,-1
50,1,2,0.0,-1
50,1,3,0.0,-1
50,1,4,0.0,-1
50,1,5,0.0,-1
50,2,0,0.0,-1
50,2,1,0.0,-1
50,2,2,0.0,-1
50,2,3,0.0,-1
50,2,4,0.0,-1
50,2,5,0.0,-1
51,0,0,0.218,-1
51,0,1,0.0,-1
51,0,2,0.005,-1
51,0,3,0.0,-1
51,0,4,0.692,-1
51,0,5,0.08500000000000012,-1
51,1,0,0.0,-1
51,1,1,0.0,-1
51,1,2,0.0,-1
51,1,3,0.0,-1
51,1,4,0.0,-1
51,1,5,0.0,-1
51,2,0,0.0,-1
51,2,1,0.0,-1
51,2,2,0.0,-1
51,2,3,0.0,-1
51,2,4,0.0,-1
51,2,5,0.0,-1
52,0,0,0.217,-1
52,0,1,0.0,-1
52,0,2,0.002,-1
52,0,3,0.0,-1
52,0,4,0.714,-1
52,0,5,0.06700000000000012,-1
52,1,0,0.0,-1
52,1,1,0.0,-1
52,1,2,0.0,-1
52,1,3,0.0,-1
52,1,4,0.0,-1
52,1,5,0.0,-1
52,2,0,0.0,-1
52,2,1,0.0,-1
52,2,2,0.0,-1
52,2,3,0.0,-1
52,2,4,0.0,-1
52,2,5,0.0,-1
53,0,0,0.221,-1
53,0,1,0.0,-1
53,0,2,0.001,-1
53,0,3,0.001,-1
53,0,4,0.718,-1
53,0,5,0.059000000000000004,-1
53,1,0,0.0,-1
53,1,1,0.0,-1
53,1,2,0.0,-1
53,1,3,0.0,-1
53,1,4,0.0,-1
53,1,5,0.0,-1
53,2,0,0.0,-1
53,2,1,0.0,-1
53,2,2,0.0,-1
53,2,3,0.0,-1
53,2,4,0.0,-1
53,2,5,0.0,-1
54,0,0,0.236,-1
54,0,1,0.0,-1
54,0,2,0.0,-1
54,0,3,0.005,-1
54,0,4,0.711,-1
54,0,5,0.048,-1
54,1,0,0.0,-1
54,1,1,0.0,-1
54,1,2,0.0,-1
54,1,3,0.0,-1
54,1,4,0.0,-1
54,1,5,0.0,-1
54,2,0,0.0,-1
54,2,1,0.0,-1
54,2,2,0.0,-1
54,2,3,0.0,-1
54,2,4,0.0,-1
54,2,5,0.0,-1
55,0,0,0.238,-1
55,0,1,0.0,-1
55,0,2,0.0,-1
55,0,3,0.007,-1
55,0,4,0.715,-1
55,0,5,0.04,-1
55,1,0,0.0,-1
55,1,1,0.0,-1
55,1,2,0.0,-1
55,1,3,0.0,-1
55,1,4,0.0,-1
55,1,5,0.0,-1
55,2,0,0.0,-1
55,2,1,0.0,-1
55,2,2,0.0,-1
55,2,3,0.0,-1
55,2,4,0.0,-1
55,2,5,0.0,-1
56,0,0,0.239,0.6079940795898438
56,0,1,0.0,0.6079940795898438
56,0,2,0.0,0.6079940795898438
56,0,3,0.009,0.6079940795898438
56,0,4,0.717,0.6079940795898438
56,0,5,0.035,0.6079940795898438
56,1,0,0.0,0.6079940795898438
56,1,1,0.0,0.6079940795898438
56,1,2,0.0,0.6079940795898438
56,1,3,0.0,0.6079940795898438
56,1,4,0.0,0.6079940795898438
56,1,5,0.0,0.6079940795898438
56,2,0,0.0,0.6079940795898438
56,2,1,0.0,0.6079940795898438
56,2,2,0.0,0.6079940795898438
56,2,3,0.0,0.6079940795898438
56,2,4,0.0,0.6079940795898438
56,2,5,0.0,0.6079940795898438
57,0,0,0.0,-1
57,0,1,0.0,-1
57,0,2,0.0,-1
57,0,3,0.0,-1
57,0,4,0.0,-1
57,0,5,0.0,-1
57,1,0,0.266,-1
57,1,1,0.0,-1
57,1,2,0.0,-1
57,1,3,0.012,-1
57,1,4,0.683,-1
57,1,5,0.03899999999999989,-1
57,2,0,0.0,-1
57,2,1,0.0,-1
57,2,2,0.0,-1
57,2,3,0.0,-1
57,2,4,0.0,-1
57,2,5,0.0,-1
58,0,0,0.0,-1
58,0,1,0.0,-1
58,0,2,0.0,-1
58,0,3,0.0,-1
58,0,4,0.0,-1
58,0,5,0.0,-1
58,1,0,0.351,-1
58,1,1,0.0,-1
58,1,2,0.0,-1
58,1,3,0.007,-1
58,1,4,0.554,-1
58,1,5,0.08799999999999988,-1
58,2,0,0.0,-1
58,2,1,0.0,-1
58,2,2,0.0,-1
58,2,3,0.0,-1
58,2,4,0.0,-1
58,2,5,0.0,-1
59,0,0,0.0,-1
59,0,1,0.0,-1
59,0,2,0.0,-1
59,0,3,0.0,-1
59,0,4,0.0,-1
59,0,5,0.0,-1
59,1,0,0.426,-1
59,1,1,0.0,-1
59,1,2,0.0,-1
59,1,3,0.013,-1
59,1,4,0.462,-1
59,1,5,0.099,-1
59,2,0,0.0,-1
59,2,1,0.0,-1
59,2,2,0.0,-1
59,2,3,0.0,-1
59,2,4,0.0,-1
59,2,5,0.0,-1
60,0,0,0.0,-1
60,0,1,0.0,-1
60,0,2,0.0,-1
60,0,3,0.0,-1
60,0,4,0.0,-1
60,0,5,0.0,-1
60,1,0,0.355,-1
60,1,1,0.0,-1
60,1,2,0.0,-1
60,1,3,0.032,-1
60,1,4,0.578,-1
60,1,5,0.035,-1
60,2,0,0.0,-1
60,2,1,0.0,-1
60,2,2,0.0,-1
60,2,3,0.0,-1
60,2,4,0.0,-1
60,2,5,0.0,-1
61,0,0,0.0,-1
61,0,1,0.0,-1
61,0,2,0.0,-1
61,0,3,0.0,-1
61,0,4,0.0,-1
61,0,5,0.0,-1
61,1,0,0.725,-1
61,1,1,0.009,-1
61,1,2,0.0,-1
61,1,3,0.021,-1
61,1,4,0.228,-1
61,1,5,0.017,-1
61,2,0,0.0,-1
61,2,1,0.0,-1
61,2,2,0.0,-1
61,2,3,0.0,-1
61,2,4,0.0,-1
61,2,5,0.0,-1
62,0,0,0.0,-1
62,0,1,0.0,-1
62,0,2,0.0,-1
62,0,3,0.0,-1
62,0,4,0.0,-1
62,0,5,0.0,-1
62,1,0,0.741,-1
62,1,1,0.001,-1
62,1,2,0.0,-1
62,1,3,0.031,-1
62,1,4,0.223,-1
62,1,5,0.004,-1
62,2,0,0.0,-1
62,2,1,0.0,-1
62,2,2,0.0,-1
62,2,3,0.0,-1
62,2,4,0.0,-1
62,2,5,0.0,-1
63,0,0,0.0,-1
63,0,1,0.0,-1
63,0,2,0.0,-1
63,0,3,0.0,-1
63,0,4,0.0,-1
63,0,5,0.0,-1
63,1,0,0.632,-1
63,1,1,0.023,-1
63,1,2,0.0,-1
63,1,3,0.132,-1
63,1,4,0.213,-1
63,1,5,0.0,-1
63,2,0,0.0,-1
63,2,1,0.0,-1
63,2,2,0.0,-1
63,2,3,0.0,-1
63,2,4,0.0,-1
63,2,5,0.0,-1
64,0,0,0.0,-1
64,0,1,0.0,-1
64,0,2,0.0,-1
64,0,3,0.0,-1
64,0,4,0.0,-1
64,0,5,0.0,-1
64,1,0,0.493,-1
64,1,1,0.057,-1
64,1,2,0.0,-1
64,1,3,0.251,-1
64,1,4,0.199,-1
64,1,5,0.0,-1
64,2,0,0.0,-1
64,2,1,0.0,-1
64,2,2,0.0,-1
64,2,3,0.0,-1
64,2,4,0.0,-1
64,2,5,0.0,-1
65,0,0,0.0,-1
65,0,1,0.0,-1
65,0,2,0.0,-1
65,0,3,0.0,-1
65,0,4,0.0,-1
65,0,5,0.0,-1
65,1,0,0.511,-1
65,1,1,0.047,-1
65,1,2,0.0,-1
65,1,3,0.233,-1
65,1,4,0.209,-1
65,1,5,0.0,-1
65,2,0,0.0,-1
65,2,1,0.0,-1
65,2,2,0.0,-1
65,2,3,0.0,-1
65,2,4,0.0,-1
65,2,5,0.0,-1
66,0,0,0.0,-1
66,0,1,0.0,-1
66,0,2,0.0,-1
66,0,3,0.0,-1
66,0,4,0.0,-1
66,0,5,0.0,-1
66,1,0,0.52,-1
66,1,1,0.027,-1
66,1,2,0.0,-1
66,1,3,0.22,-1
66,1,4,0.233,-1
66,1,5,0.0,-1
66,2,0,0.0,-1
66,2,1,0.0,-1
66,2,2,0.0,-1
66,2,3,0.0,-1
66,2,4,0.0,-1
66,2,5,0.0,-1
67,0,0,0.0,-1
67,0,1,0.0,-1
67,0,2,0.0,-1
67,0,3,0.0,-1
67,0,4,0.0,-1
67,0,5,0.0,-1
67,1,0,0.634,-1
67,1,1,0.003,-1
67,1,2,0.0,-1
67,1,3,0.068,-1
67,1,4,0.262,-1
67,1,5,0.033,-1
67,2,0,0.0,-1
67,2,1,0.0,-1
67,2,2,0.0,-1
67,2,3,0.0,-1
67,2,4,0.0,-1
67,2,5,0.0,-1
68,0,0,0.0,-1
68,0,1,0.0,-1
68,0,2,0.0,-1
68,0,3,0.0,-1
68,0,4,0.0,-1
68,0,5,0.0,-1
68,1,0,0.605,-1
68,1,1,0.011,-1
68,1,2,0.0,-1
68,1,3,0.01,-1
68,1,4,0.299,-1
68,1,5,0.075,-1
68,2,0,0.0,-1
68,2,1,0.0,-1
68,2,2,0.0,-1
68,2,3,0.0,-1
68,2,4,0.0,-1
68,2,5,0.0,-1
69,0,0,0.0,-1
69,0,1,0.0,-1
69,0,2,0.0,-1
69,0,3,0.0,-1
69,0,4,0.0,-1
69,0,5,0.0,-1
69,1,0,0.517,-1
69,1,1,0.322,-1
69,1,2,0.004,-1
69,1,3,0.0,-1
69,1,4,0.049,-1
69,1,5,0.10800000000000001,-1
69,2,0,0.0,-1
69,2,1,0.0,-1
69,2,2,0.0,-1
69,2,3,0.0,-1
69,2,4,0.0,-1
69,2,5,0.0,-1
70,0,0,0.0,-1
70,0,1,0.0,-1
70,0,2,0.0,-1
70,0,3,0.0,-1
70,0,4,0.0,-1
70,0,5,0.0,-1
70,1,0,0.173,-1
70,1,1,0.584,-1
70,1,2,0.117,-1
70,1,3,0.0,-1
70,1,4,0.0,-1
70,1,5,0.1260000000000001,-1
70,2,0,0.0,-1
70,2,1,0.0,-1
70,2,2,0.0,-1
70,2,3,0.0,-1
70,2,4,0.0,-1
70,2,5,0.0,-1
71,0,0,0.0,-1
71,0,1,0.0,-1
71,0,2,0.0,-1
71,0,3,0.0,-1
71,0,4,0.0,-1
71,0,5,0.0,-1
71,1,0,0.692,-1
71,1,1,0.136,-1
71,1,2,0.0,-1
71,1,3,0.002,-1
71,1,4,0.12,-1
71,1,5,0.05,-1
71,2,0,0.0,-1
71,2,1,0.0,-1
71,2,2,0.0,-1
71,2,3,0.0,-1
71,2,4,0.0,-1
71,2,5,0.0,-1
72,0,0,0.0,-1
72,0,1,0.0,-1
72,0,2,0.0,-1
72,0,3,0.0,-1
72,0,4,0.0,-1
72,0,5,0.0,-1
72,1,0,0.642,-1
72,1,1,0.001,-1
72,1,2,0.0,-1
72,1,3,0.007,-1
72,1,4,0.284,-1
72,1,5,0.066,-1
72,2,0,0.0,-1
72,2,1,0.0,-1
72,2,2,0.0,-1
72,2,3,0.0,-1
72,2,4,0.0,-1
72,2,5,0.0,-1
73,0,0,0.0,-1
73,0,1,0.0,-1
73,0,2,0.0,-1
73,0,3,0.0,-1
73,0,4,0.0,-1
73,0,5,0.0,-1
73,1,0,0.526,-1
73,1,1,0.0,-1
73,1,2,0.0,-1
73,1,3,0.028,-1
73,1,4,0.395,-1
73,1,5,0.051,-1
73,2,0,0.0,-1
73,2,1,0.0,-1
73,2,2,0.0,-1
73,2,3,0.0,-1
73,2,4,0.0,-1
73,2,5,0.0,-1
74,0,0,0.0,-1
74,0,1,0.0,-1
74,0,2,0.0,-1
74,0,3,0.0,-1
74,0,4,0.0,-1
74,0,5,0.0,-1
74,1,0,0.594,-1
74,1,1,0.009,-1
74,1,2,0.0,-1
74,1,3,0.133,-1
74,1,4,0.264,-1
74,1,5,0.0,-1
74,2,0,0.0,-1
74,2,1,0.0,-1
74,2,2,0.0,-1
74,2,3,0.0,-1
74,2,4,0.0,-1
74,2,5,0.0,-1
75,0,0,0.0,-1
75,0,1,0.0,-1
75,0,2,0.0,-1
75,0,3,0.0,-1
75,0,4,0.0,-1
75,0,5,0.0,-1
75,1,0,0.671,-1
75,1,1,0.005,-1
75,1,2,0.0,-1
75,1,3,0.041,-1
75,1,4,0.249,-1
75,1,5,0.034,-1
75,2,0,0.0,-1
75,2,1,0.0,-1
75,2,2,0.0,-1
75,2,3,0.0,-1
75,2,4,0.0,-1
75,2,5,0.0,-1
76,0,0,0.0,-1
76,0,1,0.0,-1
76,0,2,0.0,-1
76,0,3,0.0,-1
76,0,4,0.0,-1
76,0,5,0.0,-1
76,1,0,0.623,-1
76,1,1,0.008,-1
76,1,2,0.0,-1
76,1,3,0.001,-1
76,1,4,0.263,-1
76,1,5,0.105,-1
76,2,0,0.0,-1
76,2,1,0.0,-1
76,2,2,0.0,-1
76,2,3,0.0,-1
76,2,4,0.0,-1
76,2,5,0.0,-1
77,0,0,0.0,-1
77,0,1,0.0,-1
77,0,2,0.0,-1
77,0,3,0.0,-1
77,0,4,0.0,-1
77,0,5,0.0,-1
77,1,0,0.685,-1
77,1,1,0.132,-1
77,1,2,0.0,-1
77,1,3,0.005,-1
77,1,4,0.131,-1
77,1,5,0.04699999999999989,-1
77,2,0,0.0,-1
77,2,1,0.0,-1
77,2,2,0.0,-1
77,2,3,0.0,-1
77,2,4,0.0,-1
77,2,5,0.0,-1
78,0,0,0.0,-1
78,0,1,0.0,-1
78,0,2,0.0,-1
78,0,3,0.0,-1
78,0,4,0.0,-1
78,0,5,0.0,-1
78,1,0,0.733,-1
78,1,1,0.087,-1
78,1,2,0.0,-1
78,1,3,0.009,-1
78,1,4,0.147,-1
78,1,5,0.024,-1
78,2,0,0.0,-1
78,2,1,0.0,-1
78,2,2,0.0,-1
78,2,3,0.0,-1
78,2,4,0.0,-1
78,2,5,0.0,-1
79,0,0,0.0,-1
79,0,1,0.0,-1
79,0,2,0.0,-1
79,0,3,0.0,-1
79,0,4,0.0,-1
79,0,5,0.0,-1
79,1,0,0.696,-1
79,1,1,0.0,-1
79,1,2,0.0,-1
79,1,3,0.024,-1
79,1,4,0.26,-1
79,1,5,0.02,-1
79,2,0,0.0,-1
79,2,1,0.0,-1
79,2,2,0.0,-1
79,2,3,0.0,-1
79,2,4,0.0,-1
79,2,5,0.0,-1
80,0,0,0.0,-1
80,0,1,0.0,-1
80,0,2,0.0,-1
80,0,3,0.0,-1
80,0,4,0.0,-1
80,0,5,0.0,-1
80,1,0,0.667,-1
80,1,1,0.0,-1
80,1,2,0.0,-1
80,1,3,0.033,-1
80,1,4,0.28,-1
80,1,5,0.02,-1
80,2,0,0.0,-1
80,2,1,0.0,-1
80,2,2,0.0,-1
80,2,3,0.0,-1
80,2,4,0.0,-1
80,2,5,0.0,-1
81,0,0,0.0,-1
81,0,1,0.0,-1
81,0,2,0.0,-1
81,0,3,0.0,-1
81,0,4,0.0,-1
81,0,5,0.0,-1
81,1,0,0.523,-1
81,1,1,0.022,-1
81,1,2,0.0,-1
81,1,3,0.006,-1
81,1,4,0.322,-1
81,1,5,0.127,-1
81,2,0,0.0,-1
81,2,1,0.0,-1
81,2,2,0.0,-1
81,2,3,0.0,-1
81,2,4,0.0,-1
81,2,5,0.0,-1
82,0,0,0.0,-1
82,0,1,0.0,-1
82,0,2,0.0,-1
82,0,3,0.0,-1
82,0,4,0.0,-1
82,0,5,0.0,-1
82,1,0,0.245,-1
82,1,1,0.377,-1
82,1,2,0.107,-1
82,1,3,0.0,-1
82,1,4,0.007,-1
82,1,5,0.264,-1
82,2,0,0.0,-1
82,2,1,0.0,-1
82,2,2,0.0,-1
82,2,3,0.0,-1
82,2,4,0.0,-1
82,2,5,0.0,-1
83,0,0,0.0,-1
83,0,1,0.0,-1
83,0,2,0.0,-1
83,0,3,0.0,-1
83,0,4,0.0,-1
83,0,5,0.0,-1
83,1,0,0.007,-1
83,1,1,0.349,-1
83,1,2,0.296,-1
83,1,3,0.0,-1
83,1,4,0.0,-1
83,1,5,0.34800000000000014,-1
83,2,0,0.0,-1
83,2,1,0.0,-1
83,2,2,0.0,-1
83,2,3,0.0,-1
83,2,4,0.0,-1
83,2,5,0.0,-1
84,0,0,0.0,-1
84,0,1,0.0,-1
84,0,2,0.0,-1
84,0,3,0.0,-1
84,0,4,0.0,-1
84,0,5,0.0,-1
84,1,0,0.301,-1
84,1,1,0.035,-1
84,1,2,0.022,-1
84,1,3,0.0,-1
84,1,4,0.278,-1
84,1,5,0.364,-1
84,2,0,0.0,-1
84,2,1,0.0,-1
84,2,2,0.0,-1
84,2,3,0.0,-1
84,2,4,0.0,-1
84,2,5,0.0,-1
85,0,0,0.0,-1
85,0,1,0.0,-1
85,0,2,0.0,-1
85,0,3,0.0,-1
85,0,4,0.0,-1
85,0,5,0.0,-1
85,1,0,0.187,-1
85,1,1,0.0,-1
85,1,2,0.061,-1
85,1,3,0.0,-1
85,1,4,0.506,-1
85,1,5,0.246,-1
85,2,0,0.0,-1
85,2,1,0.0,-1
85,2,2,0.0,-1
85,2,3,0.0,-1
85,2,4,0.0,-1
85,2,5,0.0,-1
86,0,0,0.0,-1
86,0,1,0.0,-1
86,0,2,0.0,-1
86,0,3,0.0,-1
86,0,4,0.0,-1
86,0,5,0.0,-1
86,1,0,0.03,-1
86,1,1,0.034,-1
86,1,2,0.275,-1
86,1,3,0.0,-1
86,1,4,0.293,-1
86,1,5,0.368,-1
86,2,0,0.0,-1
86,2,1,0.0,-1
86,2,2,0.0,-1
86,2,3,0.0,-1
86,2,4,0.0,-1
86,2,5,0.0,-1
87,0,0,0.0,-1
87,0,1,0.0,-1
87,0,2,0.0,-1
87,0,3,0.0,-1
87,0,4,0.0,-1
87,0,5,0.0,-1
87,1,0,0.069,-1
87,1,1,0.396,-1
87,1,2,0.213,-1
87,1,3,0.0,-1
87,1,4,0.002,-1
87,1,5,0.3199999999999999,-1
87,2,0,0.0,-1
87,2,1,0.0,-1
87,2,2,0.0,-1
87,2,3,0.0,-1
87,2,4,0.0,-1
87,2,5,0.0,-1
88,0,0,0.0,-1
88,0,1,0.0,-1
88,0,2,0.0,-1
88,0,3,0.0,-1
88,0,4,0.0,-1
88,0,5,0.0,-1
88,1,0,0.053,-1
88,1,1,0.451,-1
88,1,2,0.355,-1
88,1,3,0.002,-1
88,1,4,0.0,-1
88,1,5,0.139,-1
88,2,0,0.0,-1
88,2,1,0.0,-1
88,2,2,0.0,-1
88,2,3,0.0,-1
88,2,4,0.0,-1
88,2,5,0.0,-1
89,0,0,0.0,-1
89,0,1,0.0,-1
89,0,2,0.0,-1
89,0,3,0.0,-1
89,0,4,0.0,-1
89,0,5,0.0,-1
89,1,0,0.001,-1
89,1,1,0.019,-1
89,1,2,0.505,-1
89,1,3,0.002,-1
89,1,4,0.367,-1
89,1,5,0.10600000000000002,-1
89,2,0,0.0,-1
89,2,1,0.0,-1
89,2,2,0.0,-1
89,2,3,0.0,-1
89,2,4,0.0,-1
89,2,5,0.0,-1
90,0,0,0.0,-1
90,0,1,0.0,-1
90,0,2,0.0,-1
90,0,3,0.0,-1
90,0,4,0.0,-1
90,0,5,0.0,-1
90,1,0,0.0,-1
90,1,1,0.048,-1
90,1,2,0.634,-1
90,1,3,0.007,-1
90,1,4,0.216,-1
90,1,5,0.09500000000000001,-1
90,2,0,0.0,-1
90,2,1,0.0,-1
90,2,2,0.0,-1
90,2,3,0.0,-1
90,2,4,0.0,-1
90,2,5,0.0,-1
91,0,0,0.0,-1
91,0,1,0.0,-1
91,0,2,0.0,-1
91,0,3,0.0,-1
91,0,4,0.0,-1
91,0,5,0.0,-1
91,1,0,0.011,-1
91,1,1,0.562,-1
91,1,2,0.371,-1
91,1,3,0.012,-1
91,1,4,0.002,-1
91,1,5,0.0419999999999999,-1
91,2,0,0.0,-1
91,2,1,0.0,-1
91,2,2,0.0,-1
91,2,3,0.0,-1
91,2,4,0.0,-1
91,2,5,0.0,-1
92,0,0,0.0,-1
92,0,1,0.0,-1
92,0,2,0.0,-1
92,0,3,0.0,-1
92,0,4,0.0,-1
92,0,5,0.0,-1
92,1,0,0.009,-1
92,1,1,0.566,-1
92,1,2,0.38,-1
92,1,3,0.009,-1
92,1,4,0.001,-1
92,1,5,0.03500000000000001,-1
92,2,0,0.0,-1
92,2,1,0.0,-1
92,2,2,0.0,-1
92,2,3,0.0,-1
92,2,4,0.0,-1
92,2,5,0.0,-1
93,0,0,0.0,-1
93,0,1,0.0,-1
93,0,2,0.0,-1
93,0,3,0.0,-1
93,0,4,0.0,-1
93,0,5,0.0,-1
93,1,0,0.104,-1
93,1,1,0.012,-1
93,1,2,0.266,-1
93,1,3,0.026,-1
93,1,4,0.559,-1
93,1,5,0.032999999999999904,-1
93,2,0,0.0,-1
93,2,1,0.0,-1
93,2,2,0.0,-1
93,2,3,0.0,-1
93,2,4,0.0,-1
93,2,5,0.0,-1
94,0,0,0.0,-1
94,0,1,0.0,-1
94,0,2,0.0,-1
94,0,3,0.0,-1
94,0,4,0.0,-1
94,0,5,0.0,-1
94,1,0,0.2,-1
94,1,1,0.0,-1
94,1,2,0.0,-1
94,1,3,0.021,-1
94,1,4,0.774,-1
94,1,5,0.005000000000000001,-1
94,2,0,0.0,-1
94,2,1,0.0,-1
94,2,2,0.0,-1
94,2,3,0.0,-1
94,2,4,0.0,-1
94,2,5,0.0,-1
95,0,0,0.0,-1
95,0,1,0.0,-1
95,0,2,0.0,-1
95,0,3,0.0,-1
95,0,4,0.0,-1
95,0,5,0.0,-1
95,1,0,0.19,-1
95,1,1,0.0,-1
95,1,2,0.013,-1
95,1,3,0.027,-1
95,1,4,0.748,-1
95,1,5,0.022000000000000013,-1
95,2,0,0.0,-1
95,2,1,0.0,-1
95,2,2,0.0,-1
95,2,3,0.0,-1
95,2,4,0.0,-1
95,2,5,0.0,-1
96,0,0,0.0,-1
96,0,1,0.0,-1
96,0,2,0.0,-1
96,0,3,0.0,-1
96,0,4,0.0,-1
96,0,5,0.0,-1
96,1,0,0.209,-1
96,1,1,0.0,-1
96,1,2,0.0,-1
96,1,3,0.029,-1
96,1,4,0.758,-1
96,1,5,0.004,-1
96,2,0,0.0,-1
96,2,1,0.0,-1
96,2,2,0.0,-1
96,2,3,0.0,-1
96,2,4,0.0,-1
96,2,5,0.0,-1
97,0,0,0.0,-1
97,0,1,0.0,-1
97,0,2,0.0,-1
97,0,3,0.0,-1
97,0,4,0.0,-1
97,0,5,0.0,-1
97,1,0,0.268,-1
97,1,1,0.0,-1
97,1,2,0.0,-1
97,1,3,0.034,-1
97,1,4,0.69,-1
97,1,5,0.008,-1
97,2,0,0.0,-1
97,2,1,0.0,-1
97,2,2,0.0,-1
97,2,3,0.0,-1
97,2,4,0.0,-1
97,2,5,0.0,-1
98,0,0,0.0,-1
98,0,1,0.0,-1
98,0,2,0.0,-1
98,0,3,0.0,-1
98,0,4,0.0,-1
98,0,5,0.0,-1
98,1,0,0.317,-1
98,1,1,0.0,-1
98,1,2,0.0,-1
98,1,3,0.025,-1
98,1,4,0.621,-1
98,1,5,0.037,-1
98,2,0,0.0,-1
98,2,1,0.0,-1
98,2,2,0.0,-1
98,2,3,0.0,-1
98,2,4,0.0,-1
98,2,5,0.0,-1
99,0,0,0.0,-1
99,0,1,0.0,-1
99,0,2,0.0,-1
99,0,3,0.0,-1
99,0,4,0.0,-1
99,0,5,0.0,-1
99,1,0,0.459,-1
99,1,1,0.0,-1
99,1,2,0.0,-1
99,1,3,0.019,-1
99,1,4,0.454,-1
99,1,5,0.068,-1
99,2,0,0.0,-1
99,2,1,0.0,-1
99,2,2,0.0,-1
99,2,3,0.0,-1
99,2,4,0.0,-1
99,2,5,0.0,-1
100,0,0,0.0,-1
100,0,1,0.0,-1
100,0,2,0.0,-1
100,0,3,0.0,-1
100,0,4,0.0,-1
100,0,5,0.0,-1
100,1,0,0.655,-1
100,1,1,0.111,-1
100,1,2,0.0,-1
100,1,3,0.018,-1
100,1,4,0.156,-1
100,1,5,0.059999999999999894,-1
100,2,0,0.0,-1
100,2,1,0.0,-1
100,2,2,0.0,-1
100,2,3,0.0,-1
100,2,4,0.0,-1
100,2,5,0.0,-1
101,0,0,0.0,-1
101,0,1,0.0,-1
101,0,2,0.0,-1
101,0,3,0.0,-1
101,0,4,0.0,-1
101,0,5,0.0,-1
101,1,0,0.712,-1
101,1,1,0.064,-1
101,1,2,0.0,-1
101,1,3,0.036,-1
101,1,4,0.16,-1
101,1,5,0.02799999999999989,-1
101,2,0,0.0,-1
101,2,1,0.0,-1
101,2,2,0.0,-1
101,2,3,0.0,-1
101,2,4,0.0,-1
101,2,5,0.0,-1
102,0,0,0.0,-1
102,0,1,0.0,-1
102,0,2,0.0,-1
102,0,3,0.0,-1
102,0,4,0.0,-1
102,0,5,0.0,-1
102,1,0,0.623,-1
102,1,1,0.081,-1
102,1,2,0.0,-1
102,1,3,0.001,-1
102,1,4,0.161,-1
102,1,5,0.134,-1
102,2,0,0.0,-1
102,2,1,0.0,-1
102,2,2,0.0,-1
102,2,3,0.0,-1
102,2,4,0.0,-1
102,2,5,0.0,-1
103,0,0,0.0,-1
103,0,1,0.0,-1
103,0,2,0.0,-1
103,0,3,0.0,-1
103,0,4,0.0,-1
103,0,5,0.0,-1
103,1,0,0.704,-1
103,1,1,0.13,-1
103,1,2,0.0,-1
103,1,3,0.04,-1
103,1,4,0.118,-1
103,1,5,0.008,-1
103,2,0,0.0,-1
103,2,1,0.0,-1
103,2,2,0.0,-1
103,2,3,0.0,-1
103,2,4,0.0,-1
103,2,5,0.0,-1
104,0,0,0.0,-1
104,0,1,0.0,-1
104,0,2,0.0,-1
104,0,3,0.0,-1
104,0,4,0.0,-1
104,0,5,0.0,-1
104,1,0,0.454,-1
104,1,1,0.018,-1
104,1,2,0.0,-1
104,1,3,0.038,-1
104,1,4,0.475,-1
104,1,5,0.015000000000000001,-1
104,2,0,0.0,-1
104,2,1,0.0,-1
104,2,2,0.0,-1
104,2,3,0.0,-1
104,2,4,0.0,-1
104,2,5,0.0,-1
105,0,0,0.0,-1
105,0,1,0.0,-1
105,0,2,0.0,-1
105,0,3,0.0,-1
105,0,4,0.0,-1
105,0,5,0.0,-1
105,1,0,0.224,-1
105,1,1,0.0,-1
105,1,2,0.001,-1
105,1,3,0.063,-1
105,1,4,0.712,-1
105,1,5,0.0,-1
105,2,0,0.0,-1
105,2,1,0.0,-1
105,2,2,0.0,-1
105,2,3,0.0,-1
105,2,4,0.0,-1
105,2,5,0.0,-1
106,0,0,0.0,-1
106,0,1,0.0,-1
106,0,2,0.0,-1
106,0,3,0.0,-1
106,0,4,0.0,-1
106,0,5,0.0,-1
106,1,0,0.233,-1
106,1,1,0.0,-1
106,1,2,0.0,-1
106,1,3,0.066,-1
106,1,4,0.701,-1
106,1,5,0.0,-1
106,2,0,0.0,-1
106,2,1,0.0,-1
106,2,2,0.0,-1
106,2,3,0.0,-1
106,2,4,0.0,-1
106,2,5,0.0,-1
107,0,0,0.0,-1
107,0,1,0.0,-1
107,0,2,0.0,-1
107,0,3,0.0,-1
107,0,4,0.0,-1
107,0,5,0.0,-1
107,1,0,0.244,-1
107,1,1,0.0,-1
107,1,2,0.0,-1
107,1,3,0.07,-1
107,1,4,0.686,-1
107,1,5,0.0,-1
107,2,0,0.0,-1
107,2,1,0.0,-1
107,2,2,0.0,-1
107,2,3,0.0,-1
107,2,4,0.0,-1
107,2,5,0.0,-1
108,0,0,0.0,-1
108,0,1,0.0,-1
108,0,2,0.0,-1
108,0,3,0.0,-1
108,0,4,0.0,-1
108,0,5,0.0,-1
108,1,0,0.244,-1
108,1,1,0.0,-1
108,1,2,0.0,-1
108,1,3,0.071,-1
108,1,4,0.685,-1
108,1,5,0.0,-1
108,2,0,0.0,-1
108,2,1,0.0,-1
108,2,2,0.0,-1
108,2,3,0.0,-1
108,2,4,0.0,-1
108,2,5,0.0,-1
109,0,0,0.0,-1
109,0,1,0.0,-1
109,0,2,0.0,-1
109,0,3,0.0,-1
109,0,4,0.0,-1
109,0,5,0.0,-1
109,1,0,0.246,-1
109,1,1,0.0,-1
109,1,2,0.0,-1
109,1,3,0.07,-1
109,1,4,0.684,-1
109,1,5,0.0,-1
109,2,0,0.0,-1
109,2,1,0.0,-1
109,2,2,0.0,-1
109,2,3,0.0,-1
109,2,4,0.0,-1
109,2,5,0.0,-1
110,0,0,0.0,0.50799560546875
110,0,1,0.0,0.50799560546875
110,0,2,0.0,0.50799560546875
110,0,3,0.0,0.50799560546875
110,0,4,0.0,0.50799560546875
110,0,5,0.0,0.50799560546875
110,1,0,0.247,0.50799560546875
110,1,1,0.0,0.50799560546875
110,1,2,0.0,0.50799560546875
110,1,3,0.068,0.50799560546875
110,1,4,0.685,0.50799560546875
110,1,5,0.0,0.50799560546875
110,2,0,0.0,0.50799560546875
110,2,1,0.0,0.50799560546875
110,2,2,0.0,0.50799560546875
110,2,3,0.0,0.50799560546875
110,2,4,0.0,0.50799560546875
110,2,5,0.0,0.50799560546875
111,0,0,0.0,-1
111,0,1,0.0,-1
111,0,2,0.0,-1
111,0,3,0.0,-1
111,0,4,0.0,-1
111,0,5,0.0,-1
111,1,0,0.0,-1
111,1,1,0.0,-1
111,1,2,0.0,-1
111,1,3,0.0,-1
111,1,4,0.0,-1
111,1,5,0.0,-1
111,2,0,0.21,-1
111,2,1,0.0,-1
111,2,2,0.02,-1
111,2,3,0.021,-1
111,2,4,0.727,-1
111,2,5,0.022000000000000006,-1
112,0,0,0.0,-1
112,0,1,0.0,-1
112,0,2,0.0,-1
112,0,3,0.0,-1
112,0,4,0.0,-1
112,0,5,0.0,-1
112,1,0,0.0,-1
112,1,1,0.0,-1
112,1,2,0.0,-1
112,1,3,0.0,-1
112,1,4,0.0,-1
112,1,5,0.0,-1
112,2,0,0.027,-1
112,2,1,0.039,-1
112,2,2,0.46,-1
112,2,3,0.0,-1
112,2,4,0.37,-1
112,2,5,0.10400000000000002,-1
113,0,0,0.0,-1
113,0,1,0.0,-1
113,0,2,0.0,-1
113,0,3,0.0,-1
113,0,4,0.0,-1
113,0,5,0.0,-1
113,1,0,0.0,-1
113,1,1,0.0,-1
113,1,2,0.0,-1
113,1,3,0.0,-1
113,1,4,0.0,-1
113,1,5,0.0,-1
113,2,0,0.0,-1
113,2,1,0.205,-1
113,2,2,0.74,-1
113,2,3,0.0,-1
113,2,4,0.001,-1
113,2,5,0.054000000000000006,-1
114,0,0,0.0,-1
114,0,1,0.0,-1
114,0,2,0.0,-1
114,0,3,0.0,-1
114,0,4,0.0,-1
114,0,5,0.0,-1
114,1,0,0.0,-1
114,1,1,0.0,-1
114,1,2,0.0,-1
114,1,3,0.0,-1
114,1,4,0.0,-1
114,1,5,0.0,-1
114,2,0,0.0,-1
114,2,1,0.204,-1
114,2,2,0.752,-1
114,2,3,0.003,-1
114,2,4,0.001,-1
114,2,5,0.04000000000000001,-1
115,0,0,0.0,-1
115,0,1,0.0,-1
115,0,2,0.0,-1
115,0,3,0.0,-1
115,0,4,0.0,-1
115,0,5,0.0,-1
115,1,0,0.0,-1
115,1,1,0.0,-1
115,1,2,0.0,-1
115,1,3,0.0,-1
115,1,4,0.0,-1
115,1,5,0.0,-1
115,2,0,0.0,-1
115,2,1,0.164,-1
115,2,2,0.775,-1
115,2,3,0.006,-1
115,2,4,0.02,-1
115,2,5,0.034999999999999906,-1
116,0,0,0.0,-1
116,0,1,0.0,-1
116,0,2,0.0,-1
116,0,3,0.0,-1
116,0,4,0.0,-1
116,0,5,0.0,-1
116,1,0,0.0,-1
116,1,1,0.0,-1
116,1,2,0.0,-1
116,1,3,0.0,-1
116,1,4,0.0,-1
116,1,5,0.0,-1
116,2,0,0.0,-1
116,2,1,0.172,-1
116,2,2,0.764,-1
116,2,3,0.0,-1
116,2,4,0.012,-1
116,2,5,0.05200000000000001,-1
117,0,0,0.0,-1
117,0,1,0.0,-1
117,0,2,0.0,-1
117,0,3,0.0,-1
117,0,4,0.0,-1
117,0,5,0.0,-1
117,1,0,0.0,-1
117,1,1,0.0,-1
117,1,2,0.0,-1
117,1,3,0.0,-1
117,1,4,0.0,-1
117,1,5,0.0,-1
117,2,0,0.0,-1
117,2,1,0.212,-1
117,2,2,0.678,-1
117,2,3,0.0,-1
117,2,4,0.002,-1
117,2,5,0.10800000000000001,-1
118,0,0,0.0,-1
118,0,1,0.0,-1
118,0,2,0.0,-1
118,0,3,0.0,-1
118,0,4,0.0,-1
118,0,5,0.0,-1
118,1,0,0.0,-1
118,1,1,0.0,-1
118,1,2,0.0,-1
118,1,3,0.0,-1
118,1,4,0.0,-1
118,1,5,0.0,-1
118,2,0,0.0,-1
118,2,1,0.187,-1
118,2,2,0.678,-1
118,2,3,0.0,-1
118,2,4,0.014,-1
118,2,5,0.12100000000000001,-1
119,0,0,0.0,-1
119,0,1,0.0,-1
119,0,2,0.0,-1
119,0,3,0.0,-1
119,0,4,0.0,-1
119,0,5,0.0,-1
119,1,0,0.0,-1
119,1,1,0.0,-1
119,1,2,0.0,-1
119,1,3,0.0,-1
119,1,4,0.0,-1
119,1,5,0.0,-1
119,2,0,0.0,-1
119,2,1,0.228,-1
119,2,2,0.689,-1
119,2,3,0.0,-1
119,2,4,0.0,-1
119,2,5,0.08300000000000012,-1
120,0,0,0.0,-1
120,0,1,0.0,-1
120,0,2,0.0,-1
120,0,3,0.0,-1
120,0,4,0.0,-1
120,0,5,0.0,-1
120,1,0,0.0,-1
120,1,1,0.0,-1
120,1,2,0.0,-1
120,1,3,0.0,-1
120,1,4,0.0,-1
120,1,5,0.0,-1
120,2,0,0.0,-1
120,2,1,0.249,-1
120,2,2,0.641,-1
120,2,3,0.0,-1
120,2,4,0.0,-1
120,2,5,0.11000000000000001,-1
121,0,0,0.0,-1
121,0,1,0.0,-1
121,0,2,0.0,-1
121,0,3,0.0,-1
121,0,4,0.0,-1
121,0,5,0.0,-1
121,1,0,0.0,-1
121,1,1,0.0,-1
121,1,2,0.0,-1
121,1,3,0.0,-1
121,1,4,0.0,-1
121,1,5,0.0,-1
121,2,0,0.0,-1
121,2,1,0.121,-1
121,2,2,0.685,-1
121,2,3,0.062,-1
121,2,4,0.086,-1
121,2,5,0.0459999999999999,-1
122,0,0,0.0,-1
122,0,1,0.0,-1
122,0,2,0.0,-1
122,0,3,0.0,-1
122,0,4,0.0,-1
122,0,5,0.0,-1
122,1,0,0.0,-1
122,1,1,0.0,-1
122,1,2,0.0,-1
122,1,3,0.0,-1
122,1,4,0.0,-1
122,1,5,0.0,-1
122,2,0,0.0,-1
122,2,1,0.085,-1
122,2,2,0.697,-1
122,2,3,0.069,-1
122,2,4,0.128,-1
122,2,5,0.02100000000000002,-1
123,0,0,0.0,-1
123,0,1,0.0,-1
123,0,2,0.0,-1
123,0,3,0.0,-1
123,0,4,0.0,-1
123,0,5,0.0,-1
123,1,0,0.0,-1
123,1,1,0.0,-1
123,1,2,0.0,-1
123,1,3,0.0,-1
123,1,4,0.0,-1
123,1,5,0.0,-1
123,2,0,0.0,-1
123,2,1,0.101,-1
123,2,2,0.744,-1
123,2,3,0.029,-1
123,2,4,0.101,-1
123,2,5,0.025000000000000022,-1
124,0,0,0.0,-1
124,0,1,0.0,-1
124,0,2,0.0,-1
124,0,3,0.0,-1
124,0,4,0.0,-1
124,0,5,0.0,-1
124,1,0,0.0,-1
124,1,1,0.0,-1
124,1,2,0.0,-1
124,1,3,0.0,-1
124,1,4,0.0,-1
124,1,5,0.0,-1
124,2,0,0.0,-1
124,2,1,0.118,-1
124,2,2,0.741,-1
124,2,3,0.014,-1
124,2,4,0.074,-1
124,2,5,0.05300000000000002,-1
125,0,0,0.0,-1
125,0,1,0.0,-1
125,0,2,0.0,-1
125,0,3,0.0,-1
125,0,4,0.0,-1
125,0,5,0.0,-1
125,1,0,0.0,-1
125,1,1,0.0,-1
125,1,2,0.0,-1
125,1,3,0.0,-1
125,1,4,0.0,-1
125,1,5,0.0,-1
125,2,0,0.0,-1
125,2,1,0.19,-1
125,2,2,0.727,-1
125,2,3,0.0,-1
125,2,4,0.01,-1
125,2,5,0.07300000000000001,-1
126,0,0,0.0,-1
126,0,1,0.0,-1
126,0,2,0.0,-1
126,0,3,0.0,-1
126,0,4,0.0,-1
126,0,5,0.0,-1
126,1,0,0.0,-1
126,1,1,0.0,-1
126,1,2,0.0,-1
126,1,3,0.0,-1
126,1,4,0.0,-1
126,1,5,0.0,-1
126,2,0,0.0,-1
126,2,1,0.166,-1
126,2,2,0.76,-1
126,2,3,0.0,-1
126,2,4,0.009,-1
126,2,5,0.0649999999999999,-1
127,0,0,0.0,-1
127,0,1,0.0,-1
127,0,2,0.0,-1
127,0,3,0.0,-1
127,0,4,0.0,-1
127,0,5,0.0,-1
127,1,0,0.0,-1
127,1,1,0.0,-1
127,1,2,0.0,-1
127,1,3,0.0,-1
127,1,4,0.0,-1
127,1,5,0.0,-1
127,2,0,0.0,-1
127,2,1,0.15,-1
127,2,2,0.726,-1
127,2,3,0.0,-1
127,2,4,0.031,-1
127,2,5,0.09300000000000001,-1
128,0,0,0.0,-1
128,0,1,0.0,-1
128,0,2,0.0,-1
128,0,3,0.0,-1
128,0,4,0.0,-1
128,0,5,0.0,-1
128,1,0,0.0,-1
128,1,1,0.0,-1
128,1,2,0.0,-1
128,1,3,0.0,-1
128,1,4,0.0,-1
128,1,5,0.0,-1
128,2,0,0.0,-1
128,2,1,0.141,-1
128,2,2,0.736,-1
128,2,3,0.0,-1
128,2,4,0.041,-1
128,2,5,0.0819999999999999,-1
129,0,0,0.0,-1
129,0,1,0.0,-1
129,0,2,0.0,-1
129,0,3,0.0,-1
129,0,4,0.0,-1
129,0,5,0.0,-1
129,1,0,0.0,-1
129,1,1,0.0,-1
129,1,2,0.0,-1
129,1,3,0.0,-1
129,1,4,0.0,-1
129,1,5,0.0,-1
129,2,0,0.0,-1
129,2,1,0.132,-1
129,2,2,0.731,-1
129,2,3,0.0,-1
129,2,4,0.056,-1
129,2,5,0.0809999999999999,-1
130,0,0,0.0,-1
130,0,1,0.0,-1
130,0,2,0.0,-1
130,0,3,0.0,-1
130,0,4,0.0,-1
130,0,5,0.0,-1
130,1,0,0.0,-1
130,1,1,0.0,-1
130,1,2,0.0,-1
130,1,3,0.0,-1
130,1,4,0.0,-1
130,1,5,0.0,-1
130,2,0,0.0,-1
130,2,1,0.125,-1
130,2,2,0.74,-1
130,2,3,0.006,-1
130,2,4,0.07,-1
130,2,5,0.05899999999999991,-1
131,0,0,0.0,-1
131,0,1,0.0,-1
131,0,2,0.0,-1
131,0,3,0.0,-1
131,0,4,0.0,-1
131,0,5,0.0,-1
131,1,0,0.0,-1
131,1,1,0.0,-1
131,1,2,0.0,-1
131,1,3,0.0,-1
131,1,4,0.0,-1
131,1,5,0.0,-1
131,2,0,0.0,-1
131,2,1,0.099,-1
131,2,2,0.744,-1
131,2,3,0.031,-1
131,2,4,0.102,-1
131,2,5,0.02400000000000002,-1
132,0,0,0.0,-1
132,0,1,0.0,-1
132,0,2,0.0,-1
132,0,3,0.0,-1
132,0,4,0.0,-1
132,0,5,0.0,-1
132,1,0,0.0,-1
132,1,1,0.0,-1
132,1,2,0.0,-1
132,1,3,0.0,-1
132,1,4,0.0,-1
132,1,5,0.0,-1
132,2,0,0.0,-1
132,2,1,0.138,-1
132,2,2,0.786,-1
132,2,3,0.004,-1
132,2,4,0.042,-1
132,2,5,0.029999999999999912,-1
133,0,0,0.0,-1
133,0,1,0.0,-1
133,0,2,0.0,-1
133,0,3,0.0,-1
133,0,4,0.0,-1
133,0,5,0.0,-1
133,1,0,0.0,-1
133,1,1,0.0,-1
133,1,2,0.0,-1
133,1,3,0.0,-1
133,1,4,0.0,-1
133,1,5,0.0,-1
133,2,0,0.0,-1
133,2,1,0.122,-1
133,2,2,0.761,-1
133,2,3,0.004,-1
133,2,4,0.074,-1
133,2,5,0.03900000000000002,-1
134,0,0,0.0,-1
134,0,1,0.0,-1
134,0,2,0.0,-1
134,0,3,0.0,-1
134,0,4,0.0,-1
134,0,5,0.0,-1
134,1,0,0.0,-1
134,1,1,0.0,-1
134,1,2,0.0,-1
134,1,3,0.0,-1
134,1,4,0.0,-1
134,1,5,0.0,-1
134,2,0,0.0,-1
134,2,1,0.139,-1
134,2,2,0.742,-1
134,2,3,0.001,-1
134,2,4,0.047,-1
134,2,5,0.07099999999999991,-1
135,0,0,0.0,-1
135,0,1,0.0,-1
135,0,2,0.0,-1
135,0,3,0.0,-1
135,0,4,0.0,-1
135,0,5,0.0,-1
135,1,0,0.0,-1
135,1,1,0.0,-1
135,1,2,0.0,-1
135,1,3,0.0,-1
135,1,4,0.0,-1
135,1,5,0.0,-1
135,2,0,0.0,-1
135,2,1,0.177,-1
135,2,2,0.735,-1
135,2,3,0.0,-1
135,2,4,0.008,-1
135,2,5,0.08000000000000013,-1
136,0,0,0.0,-1
136,0,1,0.0,-1
136,0,2,0.0,-1
136,0,3,0.0,-1
136,0,4,0.0,-1
136,0,5,0.0,-1
136,1,0,0.0,-1
136,1,1,0.0,-1
136,1,2,0.0,-1
136,1,3,0.0,-1
136,1,4,0.0,-1
136,1,5,0.0,-1
136,2,0,0.0,-1
136,2,1,0.218,-1
136,2,2,0.726,-1
136,2,3,0.0,-1
136,2,4,0.0,-1
136,2,5,0.056,-1
137,0,0,0.0,-1
137,0,1,0.0,-1
137,0,2,0.0,-1
137,0,3,0.0,-1
137,0,4,0.0,-1
137,0,5,0.0,-1
137,1,0,0.0,-1
137,1,1,0.0,-1
137,1,2,0.0,-1
137,1,3,0.0,-1
137,1,4,0.0,-1
137,1,5,0.0,-1
137,2,0,0.0,-1
137,2,1,0.212,-1
137,2,2,0.743,-1
137,2,3,0.0,-1
137,2,4,0.0,-1
137,2,5,0.045000000000000005,-1
138,0,0,0.0,-1
138,0,1,0.0,-1
138,0,2,0.0,-1
138,0,3,0.0,-1
138,0,4,0.0,-1
138,0,5,0.0,-1
138,1,0,0.0,-1
138,1,1,0.0,-1
138,1,2,0.0,-1
138,1,3,0.0,-1
138,1,4,0.0,-1
138,1,5,0.0,-1
138,2,0,0.0,-1
138,2,1,0.427,-1
138,2,2,0.498,-1
138,2,3,0.002,-1
138,2,4,0.0,-1
138,2,5,0.0729999999999999,-1
139,0,0,0.0,-1
139,0,1,0.0,-1
139,0,2,0.0,-1
139,0,3,0.0,-1
139,0,4,0.0,-1
139,0,5,0.0,-1
139,1,0,0.0,-1
139,1,1,0.0,-1
139,1,2,0.0,-1
139,1,3,0.0,-1
139,1,4,0.0,-1
139,1,5,0.0,-1
139,2,0,0.0,-1
139,2,1,0.729,-1
139,2,2,0.238,-1
139,2,3,0.0,-1
139,2,4,0.0,-1
139,2,5,0.033000000000000015,-1
140,0,0,0.0,-1
140,0,1,0.0,-1
140,0,2,0.0,-1
140,0,3,0.0,-1
140,0,4,0.0,-1
140,0,5,0.0,-1
140,1,0,0.0,-1
140,1,1,0.0,-1
140,1,2,0.0,-1
140,1,3,0.0,-1
140,1,4,0.0,-1
140,1,5,0.0,-1
140,2,0,0.0,-1
140,2,1,0.247,-1
140,2,2,0.669,-1
140,2,3,0.009,-1
140,2,4,0.025,-1
140,2,5,0.0499999999999999,-1
141,0,0,0.0,-1
141,0,1,0.0,-1
141,0,2,0.0,-1
141,0,3,0.0,-1
141,0,4,0.0,-1
141,0,5,0.0,-1
141,1,0,0.0,-1
141,1,1,0.0,-1
141,1,2,0.0,-1
141,1,3,0.0,-1
141,1,4,0.0,-1
141,1,5,0.0,-1
141,2,0,0.007,-1
141,2,1,0.233,-1
141,2,2,0.42,-1
141,2,3,0.0,-1
141,2,4,0.034,-1
141,2,5,0.3059999999999999,-1
142,0,0,0.0,-1
142,0,1,0.0,-1
142,0,2,0.0,-1
142,0,3,0.0,-1
142,0,4,0.0,-1
142,0,5,0.0,-1
142,1,0,0.0,-1
142,1,1,0.0,-1
142,1,2,0.0,-1
142,1,3,0.0,-1
142,1,4,0.0,-1
142,1,5,0.0,-1
142,2,0,0.259,-1
142,2,1,0.421,-1
142,2,2,0.072,-1
142,2,3,0.0,-1
142,2,4,0.0,-1
142,2,5,0.24800000000000014,-1
143,0,0,0.0,-1
143,0,1,0.0,-1
143,0,2,0.0,-1
143,0,3,0.0,-1
143,0,4,0.0,-1
143,0,5,0.0,-1
143,1,0,0.0,-1
143,1,1,0.0,-1
143,1,2,0.0,-1
143,1,3,0.0,-1
143,1,4,0.0,-1
143,1,5,0.0,-1
143,2,0,0.058,-1
143,2,1,0.323,-1
143,2,2,0.46,-1
143,2,3,0.0,-1
143,2,4,0.014,-1
143,2,5,0.14500000000000002,-1
144,0,0,0.0,-1
144,0,1,0.0,-1
144,0,2,0.0,-1
144,0,3,0.0,-1
144,0,4,0.0,-1
144,0,5,0.0,-1
144,1,0,0.0,-1
144,1,1,0.0,-1
144,1,2,0.0,-1
144,1,3,0.0,-1
144,1,4,0.0,-1
144,1,5,0.0,-1
144,2,0,0.0,-1
144,2,1,0.017,-1
144,2,2,0.54,-1
144,2,3,0.017,-1
144,2,4,0.36,-1
144,2,5,0.0659999999999999,-1
145,0,0,0.0,-1
145,0,1,0.0,-1
145,0,2,0.0,-1
145,0,3,0.0,-1
145,0,4,0.0,-1
145,0,5,0.0,-1
145,1,0,0.0,-1
145,1,1,0.0,-1
145,1,2,0.0,-1
145,1,3,0.0,-1
145,1,4,0.0,-1
145,1,5,0.0,-1
145,2,0,0.0,-1
145,2,1,0.128,-1
145,2,2,0.712,-1
145,2,3,0.0,-1
145,2,4,0.077,-1
145,2,5,0.08300000000000013,-1
146,0,0,0.0,-1
146,0,1,0.0,-1
146,0,2,0.0,-1
146,0,3,0.0,-1
146,0,4,0.0,-1
146,0,5,0.0,-1
146,1,0,0.0,-1
146,1,1,0.0,-1
146,1,2,0.0,-1
146,1,3,0.0,-1
146,1,4,0.0,-1
146,1,5,0.0,-1
146,2,0,0.0,-1
146,2,1,0.05,-1
146,2,2,0.636,-1
146,2,3,0.0,-1
146,2,4,0.209,-1
146,2,5,0.10500000000000002,-1
147,0,0,0.0,-1
147,0,1,0.0,-1
147,0,2,0.0,-1
147,0,3,0.0,-1
147,0,4,0.0,-1
147,0,5,0.0,-1
147,1,0,0.0,-1
147,1,1,0.0,-1
147,1,2,0.0,-1
147,1,3,0.0,-1
147,1,4,0.0,-1
147,1,5,0.0,-1
147,2,0,0.0,-1
147,2,1,0.147,-1
147,2,2,0.726,-1
147,2,3,0.0,-1
147,2,4,0.037,-1
147,2,5,0.09000000000000002,-1
148,0,0,0.0,-1
148,0,1,0.0,-1
148,0,2,0.0,-1
148,0,3,0.0,-1
148,0,4,0.0,-1
148,0,5,0.0,-1
148,1,0,0.0,-1
148,1,1,0.0,-1
148,1,2,0.0,-1
148,1,3,0.0,-1
148,1,4,0.0,-1
148,1,5,0.0,-1
148,2,0,0.0,-1
148,2,1,0.208,-1
148,2,2,0.745,-1
148,2,3,0.0,-1
148,2,4,0.0,-1
148,2,5,0.047,-1
149,0,0,0.0,-1
149,0,1,0.0,-1
149,0,2,0.0,-1
149,0,3,0.0,-1
149,0,4,0.0,-1
149,0,5,0.0,-1
149,1,0,0.0,-1
149,1,1,0.0,-1
149,1,2,0.0,-1
149,1,3,0.0,-1
149,1,4,0.0,-1
149,1,5,0.0,-1
149,2,0,0.005,-1
149,2,1,0.081,-1
149,2,2,0.621,-1
149,2,3,0.016,-1
149,2,4,0.235,-1
149,2,5,0.042000000000000016,-1
150,0,0,0.0,-1
150,0,1,0.0,-1
150,0,2,0.0,-1
150,0,3,0.0,-1
150,0,4,0.0,-1
150,0,5,0.0,-1
150,1,0,0.0,-1
150,1,1,0.0,-1
150,1,2,0.0,-1
150,1,3,0.0,-1
150,1,4,0.0,-1
150,1,5,0.0,-1
150,2,0,0.186,-1
150,2,1,0.0,-1
150,2,2,0.046,-1
150,2,3,0.033,-1
150,2,4,0.683,-1
150,2,5,0.0519999999999999,-1
151,0,0,0.0,-1
151,0,1,0.0,-1
151,0,2,0.0,-1
151,0,3,0.0,-1
151,0,4,0.0,-1
151,0,5,0.0,-1
151,1,0,0.0,-1
151,1,1,0.0,-1
151,1,2,0.0,-1
151,1,3,0.0,-1
151,1,4,0.0,-1
151,1,5,0.0,-1
151,2,0,0.201,-1
151,2,1,0.0,-1
151,2,2,0.046,-1
151,2,3,0.0,-1
151,2,4,0.526,-1
151,2,5,0.227,-1
152,0,0,0.0,-1
152,0,1,0.0,-1
152,0,2,0.0,-1
152,0,3,0.0,-1
152,0,4,0.0,-1
152,0,5,0.0,-1
152,1,0,0.0,-1
152,1,1,0.0,-1
152,1,2,0.0,-1
152,1,3,0.0,-1
152,1,4,0.0,-1
152,1,5,0.0,-1
152,2,0,0.156,-1
152,2,1,0.0,-1
152,2,2,0.098,-1
152,2,3,0.0,-1
152,2,4,0.392,-1
152,2,5,0.354,-1
153,0,0,0.0,-1
153,0,1,0.0,-1
153,0,2,0.0,-1
153,0,3,0.0,-1
153,0,4,0.0,-1
153,0,5,0.0,-1
153,1,0,0.0,-1
153,1,1,0.0,-1
153,1,2,0.0,-1
153,1,3,0.0,-1
153,1,4,0.0,-1
153,1,5,0.0,-1
153,2,0,0.277,-1
153,2,1,0.0,-1
153,2,2,0.035,-1
153,2,3,0.0,-1
153,2,4,0.351,-1
153,2,5,0.3369999999999999,-1
154,0,0,0.0,-1
154,0,1,0.0,-1
154,0,2,0.0,-1
154,0,3,0.0,-1
154,0,4,0.0,-1
154,0,5,0.0,-1
154,1,0,0.0,-1
154,1,1,0.0,-1
154,1,2,0.0,-1
154,1,3,0.0,-1
154,1,4,0.0,-1
154,1,5,0.0,-1
154,2,0,0.586,-1
154,2,1,0.0,-1
154,2,2,0.0,-1
154,2,3,0.008,-1
154,2,4,0.3,-1
154,2,5,0.10600000000000011,-1
155,0,0,0.0,-1
155,0,1,0.0,-1
155,0,2,0.0,-1
155,0,3,0.0,-1
155,0,4,0.0,-1
155,0,5,0.0,-1
155,1,0,0.0,-1
155,1,1,0.0,-1
155,1,2,0.0,-1
155,1,3,0.0,-1
155,1,4,0.0,-1
155,1,5,0.0,-1
155,2,0,0.686,-1
155,2,1,0.01,-1
155,2,2,0.0,-1
155,2,3,0.081,-1
155,2,4,0.223,-1
155,2,5,1.1015494072452725e-16,-1
156,0,0,0.0,-1
156,0,1,0.0,-1
156,0,2,0.0,-1
156,0,3,0.0,-1
156,0,4,0.0,-1
156,0,5,0.0,-1
156,1,0,0.0,-1
156,1,1,0.0,-1
156,1,2,0.0,-1
156,1,3,0.0,-1
156,1,4,0.0,-1
156,1,5,0.0,-1
156,2,0,0.703,-1
156,2,1,0.008,-1
156,2,2,0.0,-1
156,2,3,0.059,-1
156,2,4,0.218,-1
156,2,5,0.012,-1
157,0,0,0.0,-1
157,0,1,0.0,-1
157,0,2,0.0,-1
157,0,3,0.0,-1
157,0,4,0.0,-1
157,0,5,0.0,-1
157,1,0,0.0,-1
157,1,1,0.0,-1
157,1,2,0.0,-1
157,1,3,0.0,-1
157,1,4,0.0,-1
157,1,5,0.0,-1
157,2,0,0.668,-1
157,2,1,0.002,-1
157,2,2,0.0,-1
157,2,3,0.014,-1
157,2,4,0.267,-1
157,2,5,0.049,-1
158,0,0,0.0,-1
158,0,1,0.0,-1
158,0,2,0.0,-1
158,0,3,0.0,-1
158,0,4,0.0,-1
158,0,5,0.0,-1
158,1,0,0.0,-1
158,1,1,0.0,-1
158,1,2,0.0,-1
158,1,3,0.0,-1
158,1,4,0.0,-1
158,1,5,0.0,-1
158,2,0,0.661,-1
158,2,1,0.048,-1
158,2,2,0.0,-1
158,2,3,0.014,-1
158,2,4,0.221,-1
158,2,5,0.05599999999999989,-1
159,0,0,0.0,-1
159,0,1,0.0,-1
159,0,2,0.0,-1
159,0,3,0.0,-1
159,0,4,0.0,-1
159,0,5,0.0,-1
159,1,0,0.0,-1
159,1,1,0.0,-1
159,1,2,0.0,-1
159,1,3,0.0,-1
159,1,4,0.0,-1
159,1,5,0.0,-1
159,2,0,0.418,-1
159,2,1,0.409,-1
159,2,2,0.026,-1
159,2,3,0.002,-1
159,2,4,0.008,-1
159,2,5,0.137,-1
160,0,0,0.0,-1
160,0,1,0.0,-1
160,0,2,0.0,-1
160,0,3,0.0,-1
160,0,4,0.0,-1
160,0,5,0.0,-1
160,1,0,0.0,-1
160,1,1,0.0,-1
160,1,2,0.0,-1
160,1,3,0.0,-1
160,1,4,0.0,-1
160,1,5,0.0,-1
160,2,0,0.618,-1
160,2,1,0.094,-1
160,2,2,0.002,-1
160,2,3,0.007,-1
160,2,4,0.194,-1
160,2,5,0.085,-1
161,0,0,0.0,-1
161,0,1,0.0,-1
161,0,2,0.0,-1
161,0,3,0.0,-1
161,0,4,0.0,-1
161,0,5,0.0,-1
161,1,0,0.0,-1
161,1,1,0.0,-1
161,1,2,0.0,-1
161,1,3,0.0,-1
161,1,4,0.0,-1
161,1,5,0.0,-1
161,2,0,0.602,-1
161,2,1,0.229,-1
161,2,2,0.003,-1
161,2,3,0.015,-1
161,2,4,0.112,-1
161,2,5,0.03900000000000001,-1
162,0,0,0.0,-1
162,0,1,0.0,-1
162,0,2,0.0,-1
162,0,3,0.0,-1
162,0,4,0.0,-1
162,0,5,0.0,-1
162,1,0,0.0,-1
162,1,1,0.0,-1
162,1,2,0.0,-1
162,1,3,0.0,-1
162,1,4,0.0,-1
162,1,5,0.0,-1
162,2,0,0.109,-1
162,2,1,0.702,-1
162,2,2,0.144,-1
162,2,3,0.005,-1
162,2,4,0.0,-1
162,2,5,0.04000000000000002,-1
163,0,0,0.0,-1
163,0,1,0.0,-1
163,0,2,0.0,-1
163,0,3,0.0,-1
163,0,4,0.0,-1
163,0,5,0.0,-1
163,1,0,0.0,-1
163,1,1,0.0,-1
163,1,2,0.0,-1
163,1,3,0.0,-1
163,1,4,0.0,-1
163,1,5,0.0,-1
163,2,0,0.007,-1
163,2,1,0.565,-1
163,2,2,0.379,-1
163,2,3,0.02,-1
163,2,4,0.0,-1
163,2,5,0.02900000000000001,-1
164,0,0,0.0,-1
164,0,1,0.0,-1
164,0,2,0.0,-1
164,0,3,0.0,-1
164,0,4,0.0,-1
164,0,5,0.0,-1
164,1,0,0.0,-1
164,1,1,0.0,-1
164,1,2,0.0,-1
164,1,3,0.0,-1
164,1,4,0.0,-1
164,1,5,0.0,-1
164,2,0,0.0,-1
164,2,1,0.192,-1
164,2,2,0.748,-1
164,2,3,0.023,-1
164,2,4,0.023,-1
164,2,5,0.014000000000000009,-1
165,0,0,0.0,-1
165,0,1,0.0,-1
165,0,2,0.0,-1
165,0,3,0.0,-1
165,0,4,0.0,-1
165,0,5,0.0,-1
165,1,0,0.0,-1
165,1,1,0.0,-1
165,1,2,0.0,-1
165,1,3,0.0,-1
165,1,4,0.0,-1
165,1,5,0.0,-1
165,2,0,0.0,-1
165,2,1,0.136,-1
165,2,2,0.783,-1
165,2,3,0.016,-1
165,2,4,0.0649999999999999,-1
165,2,5,0.0,-1
166,0,0,0.0,-1
166,0,1,0.0,-1
166,0,2,0.0,-1
166,0,3,0.0,-1
166,0,4,0.0,-1
166,0,5,0.0,-1
166,1,0,0.0,-1
166,1,1,0.0,-1
166,1,2,0.0,-1
166,1,3,0.0,-1
166,1,4,0.0,-1
166,1,5,0.0,-1
166,2,0,0.0,-1
166,2,1,0.169,-1
166,2,2,0.791,-1
166,2,3,0.001,-1
166,2,4,0.006,-1
166,2,5,0.032999999999999904,-1
167,0,0,0.0,-1
167,0,1,0.0,-1
167,0,2,0.0,-1
167,0,3,0.0,-1
167,0,4,0.0,-1
167,0,5,0.0,-1
167,1,0,0.0,-1
167,1,1,0.0,-1
167,1,2,0.0,-1
167,1,3,0.0,-1
167,1,4,0.0,-1
167,1,5,0.0,-1
167,2,0,0.0,-1
167,2,1,0.167,-1
167,2,2,0.781,-1
167,2,3,0.0,-1
167,2,4,0.004,-1
167,2,5,0.047999999999999904,-1
168,0,0,0.0,-1
168,0,1,0.0,-1
168,0,2,0.0,-1
168,0,3,0.0,-1
168,0,4,0.0,-1
168,0,5,0.0,-1
168,1,0,0.0,-1
168,1,1,0.0,-1
168,1,2,0.0,-1
168,1,3,0.0,-1
168,1,4,0.0,-1
168,1,5,0.0,-1
168,2,0,0.0,-1
168,2,1,0.15,-1
168,2,2,0.774,-1
168,2,3,0.0,-1
168,2,4,0.023,-1
168,2,5,0.05299999999999991,-1
169,0,0,0.0,-1
169,0,1,0.0,-1
169,0,2,0.0,-1
169,0,3,0.0,-1
169,0,4,0.0,-1
169,0,5,0.0,-1
169,1,0,0.0,-1
169,1,1,0.0,-1
169,1,2,0.0,-1
169,1,3,0.0,-1
169,1,4,0.0,-1
169,1,5,0.0,-1
169,2,0,0.0,-1
169,2,1,0.186,-1
169,2,2,0.724,-1
169,2,3,0.0,-1
169,2,4,0.003,-1
169,2,5,0.08700000000000012,-1
170,0,0,0.0,-1
170,0,1,0.0,-1
170,0,2,0.0,-1
170,0,3,0.0,-1
170,0,4,0.0,-1
170,0,5,0.0,-1
170,1,0,0.0,-1
170,1,1,0.0,-1
170,1,2,0.0,-1
170,1,3,0.0,-1
170,1,4,0.0,-1
170,1,5,0.0,-1
170,2,0,0.0,-1
170,2,1,0.202,-1
170,2,2,0.648,-1
170,2,3,0.0,-1
170,2,4,0.012,-1
170,2,5,0.1379999999999999,-1
171,0,0,0.0,-1
171,0,1,0.0,-1
171,0,2,0.0,-1
171,0,3,0.0,-1
171,0,4,0.0,-1
171,0,5,0.0,-1
171,1,0,0.0,-1
171,1,1,0.0,-1
171,1,2,0.0,-1
171,1,3,0.0,-1
171,1,4,0.0,-1
171,1,5,0.0,-1
171,2,0,0.0,-1
171,2,1,0.204,-1
171,2,2,0.581,-1
171,2,3,0.0,-1
171,2,4,0.019,-1
171,2,5,0.19600000000000012,-1
172,0,0,0.0,-1
172,0,1,0.0,-1
172,0,2,0.0,-1
172,0,3,0.0,-1
172,0,4,0.0,-1
172,0,5,0.0,-1
172,1,0,0.0,-1
172,1,1,0.0,-1
172,1,2,0.0,-1
172,1,3,0.0,-1
172,1,4,0.0,-1
172,1,5,0.0,-1
172,2,0,0.0,-1
172,2,1,0.339,-1
172,2,2,0.442,-1
172,2,3,0.0,-1
172,2,4,0.002,-1
172,2,5,0.21700000000000003,-1
173,0,0,0.0,-1
173,0,1,0.0,-1
173,0,2,0.0,-1
173,0,3,0.0,-1
173,0,4,0.0,-1
173,0,5,0.0,-1
173,1,0,0.0,-1
173,1,1,0.0,-1
173,1,2,0.0,-1
173,1,3,0.0,-1
173,1,4,0.0,-1
173,1,5,0.0,-1
173,2,0,0.014,-1
173,2,1,0.545,-1
173,2,2,0.267,-1
173,2,3,0.0,-1
173,2,4,0.0,-1
173,2,5,0.1739999999999999,-1
174,0,0,0.0,-1
174,0,1,0.0,-1
174,0,2,0.0,-1
174,0,3,0.0,-1
174,0,4,0.0,-1
174,0,5,0.0,-1
174,1,0,0.0,-1
174,1,1,0.0,-1
174,1,2,0.0,-1
174,1,3,0.0,-1
174,1,4,0.0,-1
174,1,5,0.0,-1
174,2,0,0.0,-1
174,2,1,0.467,-1
174,2,2,0.401,-1
174,2,3,0.0,-1
174,2,4,0.0,-1
174,2,5,0.1319999999999999,-1
175,0,0,0.0,-1
175,0,1,0.0,-1
175,0,2,0.0,-1
175,0,3,0.0,-1
175,0,4,0.0,-1
175,0,5,0.0,-1
175,1,0,0.0,-1
175,1,1,0.0,-1
175,1,2,0.0,-1
175,1,3,0.0,-1
175,1,4,0.0,-1
175,1,5,0.0,-1
175,2,0,0.0,-1
175,2,1,0.209,-1
175,2,2,0.58,-1
175,2,3,0.0,-1
175,2,4,0.024,-1
175,2,5,0.1870000000000001,-1
176,0,0,0.0,-1
176,0,1,0.0,-1
176,0,2,0.0,-1
176,0,3,0.0,-1
176,0,4,0.0,-1
176,0,5,0.0,-1
176,1,0,0.0,-1
176,1,1,0.0,-1
176,1,2,0.0,-1
176,1,3,0.0,-1
176,1,4,0.0,-1
176,1,5,0.0,-1
176,2,0,0.0,-1
176,2,1,0.134,-1
176,2,2,0.768,-1
176,2,3,0.004,-1
176,2,4,0.05,-1
176,2,5,0.043999999999999914,-1
177,0,0,0.0,-1
177,0,1,0.0,-1
177,0,2,0.0,-1
177,0,3,0.0,-1
177,0,4,0.0,-1
177,0,5,0.0,-1
177,1,0,0.0,-1
177,1,1,0.0,-1
177,1,2,0.0,-1
177,1,3,0.0,-1
177,1,4,0.0,-1
177,1,5,0.0,-1
177,2,0,0.0,-1
177,2,1,0.157,-1
177,2,2,0.797,-1
177,2,3,0.001,-1
177,2,4,0.013,-1
177,2,5,0.03199999999999991,-1
178,0,0,0.0,-1
178,0,1,0.0,-1
178,0,2,0.0,-1
178,0,3,0.0,-1
178,0,4,0.0,-1
178,0,5,0.0,-1
178,1,0,0.0,-1
178,1,1,0.0,-1
178,1,2,0.0,-1
178,1,3,0.0,-1
178,1,4,0.0,-1
178,1,5,0.0,-1
178,2,0,0.0,-1
178,2,1,0.168,-1
178,2,2,0.791,-1
178,2,3,0.002,-1
178,2,4,0.007,-1
178,2,5,0.031999999999999904,-1
179,0,0,0.0,-1
179,0,1,0.0,-1
179,0,2,0.0,-1
179,0,3,0.0,-1
179,0,4,0.0,-1
179,0,5,0.0,-1
179,1,0,0.0,-1
179,1,1,0.0,-1
179,1,2,0.0,-1
179,1,3,0.0,-1
179,1,4,0.0,-1
179,1,5,0.0,-1
179,2,0,0.0,-1
179,2,1,0.179,-1
179,2,2,0.761,-1
179,2,3,0.0,-1
179,2,4,0.0,-1
179,2,5,0.06000000000000001,-1
180,0,0,0.0,-1
180,0,1,0.0,-1
180,0,2,0.0,-1
180,0,3,0.0,-1
180,0,4,0.0,-1
180,0,5,0.0,-1
180,1,0,0.0,-1
180,1,1,0.0,-1
180,1,2,0.0,-1
180,1,3,0.0,-1
180,1,4,0.0,-1
180,1,5,0.0,-1
180,2,0,0.0,-1
180,2,1,0.183,-1
180,2,2,0.755,-1
180,2,3,0.0,-1
180,2,4,0.0,-1
180,2,5,0.062000000000000006,-1
181,0,0,0.0,-1
181,0,1,0.0,-1
181,0,2,0.0,-1
181,0,3,0.0,-1
181,0,4,0.0,-1
181,0,5,0.0,-1
181,1,0,0.0,-1
181,1,1,0.0,-1
181,1,2,0.0,-1
181,1,3,0.0,-1
181,1,4,0.0,-1
181,1,5,0.0,-1
181,2,0,0.0,-1
181,2,1,0.198,-1
181,2,2,0.728,-1
181,2,3,0.0,-1
181,2,4,0.004,-1
181,2,5,0.07,-1
182,0,0,0.0,-1
182,0,1,0.0,-1
182,0,2,0.0,-1
182,0,3,0.0,-1
182,0,4,0.0,-1
182,0,5,0.0,-1
182,1,0,0.0,-1
182,1,1,0.0,-1
182,1,2,0.0,-1
182,1,3,0.0,-1
182,1,4,0.0,-1
182,1,5,0.0,-1
182,2,0,0.0,-1
182,2,1,0.198,-1
182,2,2,0.638,-1
182,2,3,0.0,-1
182,2,4,0.014,-1
182,2,5,0.1499999999999999,-1
183,0,0,0.0,-1
183,0,1,0.0,-1
183,0,2,0.0,-1
183,0,3,0.0,-1
183,0,4,0.0,-1
183,0,5,0.0,-1
183,1,0,0.0,-1
183,1,1,0.0,-1
183,1,2,0.0,-1
183,1,3,0.0,-1
183,1,4,0.0,-1
183,1,5,0.0,-1
183,2,0,0.0,-1
183,2,1,0.205,-1
183,2,2,0.679,-1
183,2,3,0.0,-1
183,2,4,0.003,-1
183,2,5,0.113,-1
184,0,0,0.0,-1
184,0,1,0.0,-1
184,0,2,0.0,-1
184,0,3,0.0,-1
184,0,4,0.0,-1
184,0,5,0.0,-1
184,1,0,0.0,-1
184,1,1,0.0,-1
184,1,2,0.0,-1
184,1,3,0.0,-1
184,1,4,0.0,-1
184,1,5,0.0,-1
184,2,0,0.0,-1
184,2,1,0.203,-1
184,2,2,0.705,-1
184,2,3,0.0,-1
184,2,4,0.0,-1
184,2,5,0.09200000000000012,-1
185,0,0,0.0,-1
185,0,1,0.0,-1
185,0,2,0.0,-1
185,0,3,0.0,-1
185,0,4,0.0,-1
185,0,5,0.0,-1
185,1,0,0.0,-1
185,1,1,0.0,-1
185,1,2,0.0,-1
185,1,3,0.0,-1
185,1,4,0.0,-1
185,1,5,0.0,-1
185,2,0,0.0,-1
185,2,1,0.197,-1
185,2,2,0.706,-1
185,2,3,0.0,-1
185,2,4,0.003,-1
185,2,5,0.09400000000000001,-1
186,0,0,0.0,-1
186,0,1,0.0,-1
186,0,2,0.0,-1
186,0,3,0.0,-1
186,0,4,0.0,-1
186,0,5,0.0,-1
186,1,0,0.0,-1
186,1,1,0.0,-1
186,1,2,0.0,-1
186,1,3,0.0,-1
186,1,4,0.0,-1
186,1,5,0.0,-1
186,2,0,0.0,-1
186,2,1,0.178,-1
186,2,2,0.695,-1
186,2,3,0.0,-1
186,2,4,0.016,-1
186,2,5,0.11100000000000002,-1
187,0,0,0.0,-1
187,0,1,0.0,-1
187,0,2,0.0,-1
187,0,3,0.0,-1
187,0,4,0.0,-1
187,0,5,0.0,-1
187,1,0,0.0,-1
187,1,1,0.0,-1
187,1,2,0.0,-1
187,1,3,0.0,-1
187,1,4,0.0,-1
187,1,5,0.0,-1
187,2,0,0.0,-1
187,2,1,0.156,-1
187,2,2,0.685,-1
187,2,3,0.0,-1
187,2,4,0.037,-1
187,2,5,0.1219999999999999,-1
188,0,0,0.0,-1
188,0,1,0.0,-1
188,0,2,0.0,-1
188,0,3,0.0,-1
188,0,4,0.0,-1
188,0,5,0.0,-1
188,1,0,0.0,-1
188,1,1,0.0,-1
188,1,2,0.0,-1
188,1,3,0.0,-1
188,1,4,0.0,-1
188,1,5,0.0,-1
188,2,0,0.0,-1
188,2,1,0.147,-1
188,2,2,0.669,-1
188,2,3,0.0,-1
188,2,4,0.052,-1
188,2,5,0.1319999999999999,-1
189,0,0,0.0,-1
189,0,1,0.0,-1
189,0,2,0.0,-1
189,0,3,0.0,-1
189,0,4,0.0,-1
189,0,5,0.0,-1
189,1,0,0.0,-1
189,1,1,0.0,-1
189,1,2,0.0,-1
189,1,3,0.0,-1
189,1,4,0.0,-1
189,1,5,0.0,-1
189,2,0,0.0,-1
189,2,1,0.133,-1
189,2,2,0.666,-1
189,2,3,0.0,-1
189,2,4,0.069,-1
189,2,5,0.1319999999999999,-1
190,0,0,0.0,-1
190,0,1,0.0,-1
190,0,2,0.0,-1
190,0,3,0.0,-1
190,0,4,0.0,-1
190,0,5,0.0,-1
190,1,0,0.0,-1
190,1,1,0.0,-1
190,1,2,0.0,-1
190,1,3,0.0,-1
190,1,4,0.0,-1
190,1,5,0.0,-1
190,2,0,0.0,-1
190,2,1,0.182,-1
190,2,2,0.642,-1
190,2,3,0.0,-1
190,2,4,0.027,-1
190,2,5,0.1489999999999999,-1
191,0,0,0.0,-1
191,0,1,0.0,-1
191,0,2,0.0,-1
191,0,3,0.0,-1
191,0,4,0.0,-1
191,0,5,0.0,-1
191,1,0,0.0,-1
191,1,1,0.0,-1
191,1,2,0.0,-1
191,1,3,0.0,-1
191,1,4,0.0,-1
191,1,5,0.0,-1
191,2,0,0.0,-1
191,2,1,0.116,-1
191,2,2,0.644,-1
191,2,3,0.0,-1
191,2,4,0.109,-1
191,2,5,0.131,-1
192,0,0,0.0,-1
192,0,1,0.0,-1
192,0,2,0.0,-1
192,0,3,0.0,-1
192,0,4,0.0,-1
192,0,5,0.0,-1
192,1,0,0.0,-1
192,1,1,0.0,-1
192,1,2,0.0,-1
192,1,3,0.0,-1
192,1,4,0.0,-1
192,1,5,0.0,-1
192,2,0,0.0,-1
192,2,1,0.077,-1
192,2,2,0.671,-1
192,2,3,0.0,-1
192,2,4,0.156,-1
192,2,5,0.09600000000000002,-1
193,0,0,0.0,-1
193,0,1,0.0,-1
193,0,2,0.0,-1
193,0,3,0.0,-1
193,0,4,0.0,-1
193,0,5,0.0,-1
193,1,0,0.0,-1
193,1,1,0.0,-1
193,1,2,0.0,-1
193,1,3,0.0,-1
193,1,4,0.0,-1
193,1,5,0.0,-1
193,2,0,0.0,-1
193,2,1,0.083,-1
193,2,2,0.715,-1
193,2,3,0.015,-1
193,2,4,0.143,-1
193,2,5,0.044000000000000025,-1
194,0,0,0.0,-1
194,0,1,0.0,-1
194,0,2,0.0,-1
194,0,3,0.0,-1
194,0,4,0.0,-1
194,0,5,0.0,-1
194,1,0,0.0,-1
194,1,1,0.0,-1
194,1,2,0.0,-1
194,1,3,0.0,-1
194,1,4,0.0,-1
194,1,5,0.0,-1
194,2,0,0.0,-1
194,2,1,0.119,-1
194,2,2,0.707,-1
194,2,3,0.0,-1
194,2,4,0.08,-1
194,2,5,0.09400000000000013,-1
195,0,0,0.0,-1
195,0,1,0.0,-1
195,0,2,0.0,-1
195,0,3,0.0,-1
195,0,4,0.0,-1
195,0,5,0.0,-1
195,1,0,0.0,-1
195,1,1,0.0,-1
195,1,2,0.0,-1
195,1,3,0.0,-1
195,1,4,0.0,-1
195,1,5,0.0,-1
195,2,0,0.0,-1
195,2,1,0.122,-1
195,2,2,0.758,-1
195,2,3,0.011,-1
195,2,4,0.073,-1
195,2,5,0.03600000000000002,-1
196,0,0,0.0,-1
196,0,1,0.0,-1
196,0,2,0.0,-1
196,0,3,0.0,-1
196,0,4,0.0,-1
196,0,5,0.0,-1
196,1,0,0.0,-1
196,1,1,0.0,-1
196,1,2,0.0,-1
196,1,3,0.0,-1
196,1,4,0.0,-1
196,1,5,0.0,-1
196,2,0,0.0,-1
196,2,1,0.108,-1
196,2,2,0.699,-1
196,2,3,0.0,-1
196,2,4,0.099,-1
196,2,5,0.09400000000000003,-1
197,0,0,0.0,-1
197,0,1,0.0,-1
197,0,2,0.0,-1
197,0,3,0.0,-1
197,0,4,0.0,-1
197,0,5,0.0,-1
197,1,0,0.0,-1
197,1,1,0.0,-1
197,1,2,0.0,-1
197,1,3,0.0,-1
197,1,4,0.0,-1
197,1,5,0.0,-1
197,2,0,0.0,-1
197,2,1,0.132,-1
197,2,2,0.721,-1
197,2,3,0.0,-1
197,2,4,0.058,-1
197,2,5,0.08900000000000002,-1
198,0,0,0.0,-1
198,0,1,0.0,-1
198,0,2,0.0,-1
198,0,3,0.0,-1
198,0,4,0.0,-1
198,0,5,0.0,-1
198,1,0,0.0,-1
198,1,1,0.0,-1
198,1,2,0.0,-1
198,1,3,0.0,-1
198,1,4,0.0,-1
198,1,5,0.0,-1
198,2,0,0.0,-1
198,2,1,0.186,-1
198,2,2,0.615,-1
198,2,3,0.0,-1
198,2,4,0.026,-1
198,2,5,0.17300000000000001,-1
199,0,0,0.0,-1
199,0,1,0.0,-1
199,0,2,0.0,-1
199,0,3,0.0,-1
199,0,4,0.0,-1
199,0,5,0.0,-1
199,1,0,0.0,-1
199,1,1,0.0,-1
199,1,2,0.0,-1
199,1,3,0.0,-1
199,1,4,0.0,-1
199,1,5,0.0,-1
199,2,0,0.0,-1
199,2,1,0.19,-1
199,2,2,0.623,-1
199,2,3,0.0,-1
199,2,4,0.021,-1
199,2,5,0.166,-1
200,0,0,0.0,-1
200,0,1,0.0,-1
200,0,2,0.0,-1
200,0,3,0.0,-1
200,0,4,0.0,-1
200,0,5,0.0,-1
200,1,0,0.0,-1
200,1,1,0.0,-1
200,1,2,0.0,-1
200,1,3,0.0,-1
200,1,4,0.0,-1
200,1,5,0.0,-1
200,2,0,0.0,-1
200,2,1,0.206,-1
200,2,2,0.658,-1
200,2,3,0.0,-1
200,2,4,0.008,-1
200,2,5,0.128,-1
201,0,0,0.0,-1
201,0,1,0.0,-1
201,0,2,0.0,-1
201,0,3,0.0,-1
201,0,4,0.0,-1
201,0,5,0.0,-1
201,1,0,0.0,-1
201,1,1,0.0,-1
201,1,2,0.0,-1
201,1,3,0.0,-1
201,1,4,0.0,-1
201,1,5,0.0,-1
201,2,0,0.0,-1
201,2,1,0.153,-1
201,2,2,0.663,-1
201,2,3,0.0,-1
201,2,4,0.061,-1
201,2,5,0.12300000000000001,-1
202,0,0,0.0,-1
202,0,1,0.0,-1
202,0,2,0.0,-1
202,0,3,0.0,-1
202,0,4,0.0,-1
202,0,5,0.0,-1
202,1,0,0.0,-1
202,1,1,0.0,-1
202,1,2,0.0,-1
202,1,3,0.0,-1
202,1,4,0.0,-1
202,1,5,0.0,-1
202,2,0,0.0,-1
202,2,1,0.1,-1
202,2,2,0.668,-1
202,2,3,0.0,-1
202,2,4,0.116,-1
202,2,5,0.11600000000000002,-1
203,0,0,0.0,-1
203,0,1,0.0,-1
203,0,2,0.0,-1
203,0,3,0.0,-1
203,0,4,0.0,-1
203,0,5,0.0,-1
203,1,0,0.0,-1
203,1,1,0.0,-1
203,1,2,0.0,-1
203,1,3,0.0,-1
203,1,4,0.0,-1
203,1,5,0.0,-1
203,2,0,0.0,-1
203,2,1,0.127,-1
203,2,2,0.661,-1
203,2,3,0.0,-1
203,2,4,0.081,-1
203,2,5,0.131,-1
204,0,0,0.0,-1
204,0,1,0.0,-1
204,0,2,0.0,-1
204,0,3,0.0,-1
204,0,4,0.0,-1
204,0,5,0.0,-1
204,1,0,0.0,-1
204,1,1,0.0,-1
204,1,2,0.0,-1
204,1,3,0.0,-1
204,1,4,0.0,-1
204,1,5,0.0,-1
204,2,0,0.0,-1
204,2,1,0.244,-1
204,2,2,0.673,-1
204,2,3,0.003,-1
204,2,4,0.0,-1
204,2,5,0.08,-1
205,0,0,0.0,-1
205,0,1,0.0,-1
205,0,2,0.0,-1
205,0,3,0.0,-1
205,0,4,0.0,-1
205,0,5,0.0,-1
205,1,0,0.0,-1
205,1,1,0.0,-1
205,1,2,0.0,-1
205,1,3,0.0,-1
205,1,4,0.0,-1
205,1,5,0.0,-1
205,2,0,0.0,-1
205,2,1,0.195,-1
205,2,2,0.729,-1
205,2,3,0.005,-1
205,2,4,0.004,-1
205,2,5,0.067,-1
206,0,0,0.0,-1
206,0,1,0.0,-1
206,0,2,0.0,-1
206,0,3,0.0,-1
206,0,4,0.0,-1
206,0,5,0.0,-1
206,1,0,0.0,-1
206,1,1,0.0,-1
206,1,2,0.0,-1
206,1,3,0.0,-1
206,1,4,0.0,-1
206,1,5,0.0,-1
206,2,0,0.0,-1
206,2,1,0.209,-1
206,2,2,0.715,-1
206,2,3,0.0,-1
206,2,4,0.0,-1
206,2,5,0.07600000000000001,-1
207,0,0,0.0,-1
207,0,1,0.0,-1
207,0,2,0.0,-1
207,0,3,0.0,-1
207,0,4,0.0,-1
207,0,5,0.0,-1
207,1,0,0.0,-1
207,1,1,0.0,-1
207,1,2,0.0,-1
207,1,3,0.0,-1
207,1,4,0.0,-1
207,1,5,0.0,-1
207,2,0,0.0,-1
207,2,1,0.188,-1
207,2,2,0.752,-1
207,2,3,0.0,-1
207,2,4,0.004,-1
207,2,5,0.05600000000000001,-1
208,0,0,0.0,-1
208,0,1,0.0,-1
208,0,2,0.0,-1
208,0,3,0.0,-1
208,0,4,0.0,-1
208,0,5,0.0,-1
208,1,0,0.0,-1
208,1,1,0.0,-1
208,1,2,0.0,-1
208,1,3,0.0,-1
208,1,4,0.0,-1
208,1,5,0.0,-1
208,2,0,0.0,-1
208,2,1,0.18,-1
208,2,2,0.777,-1
208,2,3,0.0,-1
208,2,4,0.001,-1
208,2,5,0.0419999999999999,-1
209,0,0,0.0,-1
209,0,1,0.0,-1
209,0,2,0.0,-1
209,0,3,0.0,-1
209,0,4,0.0,-1
209,0,5,0.0,-1
209,1,0,0.0,-1
209,1,1,0.0,-1
209,1,2,0.0,-1
209,1,3,0.0,-1
209,1,4,0.0,-1
209,1,5,0.0,-1
209,2,0,0.0,-1
209,2,1,0.169,-1
209,2,2,0.779,-1
209,2,3,0.0,-1
209,2,4,0.002,-1
209,2,5,0.049999999999999906,-1
210,0,0,0.0,-1
210,0,1,0.0,-1
210,0,2,0.0,-1
210,0,3,0.0,-1
210,0,4,0.0,-1
210,0,5,0.0,-1
210,1,0,0.0,-1
210,1,1,0.0,-1
210,1,2,0.0,-1
210,1,3,0.0,-1
210,1,4,0.0,-1
210,1,5,0.0,-1
210,2,0,0.0,-1
210,2,1,0.166,-1
210,2,2,0.784,-1
210,2,3,0.0,-1
210,2,4,0.001,-1
210,2,5,0.04899999999999991,-1
211,0,0,0.0,-1
211,0,1,0.0,-1
211,0,2,0.0,-1
211,0,3,0.0,-1
211,0,4,0.0,-1
211,0,5,0.0,-1
211,1,0,0.0,-1
211,1,1,0.0,-1
211,1,2,0.0,-1
211,1,3,0.0,-1
211,1,4,0.0,-1
211,1,5,0.0,-1
211,2,0,0.0,-1
211,2,1,0.191,-1
211,2,2,0.729,-1
211,2,3,0.0,-1
211,2,4,0.004,-1
211,2,5,0.07600000000000012,-1
212,0,0,0.0,-1
212,0,1,0.0,-1
212,0,2,0.0,-1
212,0,3,0.0,-1
212,0,4,0.0,-1
212,0,5,0.0,-1
212,1,0,0.0,-1
212,1,1,0.0,-1
212,1,2,0.0,-1
212,1,3,0.0,-1
212,1,4,0.0,-1
212,1,5,0.0,-1
212,2,0,0.0,-1
212,2,1,0.231,-1
212,2,2,0.681,-1
212,2,3,0.0,-1
212,2,4,0.0,-1
212,2,5,0.08800000000000001,-1
213,0,0,0.0,-1
213,0,1,0.0,-1
213,0,2,0.0,-1
213,0,3,0.0,-1
213,0,4,0.0,-1
213,0,5,0.0,-1
213,1,0,0.0,-1
213,1,1,0.0,-1
213,1,2,0.0,-1
213,1,3,0.0,-1
213,1,4,0.0,-1
213,1,5,0.0,-1
213,2,0,0.0,-1
213,2,1,0.189,-1
213,2,2,0.682,-1
213,2,3,0.0,-1
213,2,4,0.01,-1
213,2,5,0.11900000000000001,-1
214,0,0,0.0,-1
214,0,1,0.0,-1
214,0,2,0.0,-1
214,0,3,0.0,-1
214,0,4,0.0,-1
214,0,5,0.0,-1
214,1,0,0.0,-1
214,1,1,0.0,-1
214,1,2,0.0,-1
214,1,3,0.0,-1
214,1,4,0.0,-1
214,1,5,0.0,-1
214,2,0,0.0,-1
214,2,1,0.22,-1
214,2,2,0.586,-1
214,2,3,0.0,-1
214,2,4,0.011,-1
214,2,5,0.18300000000000002,-1
215,0,0,0.0,-1
215,0,1,0.0,-1
215,0,2,0.0,-1
215,0,3,0.0,-1
215,0,4,0.0,-1
215,0,5,0.0,-1
215,1,0,0.0,-1
215,1,1,0.0,-1
215,1,2,0.0,-1
215,1,3,0.0,-1
215,1,4,0.0,-1
215,1,5,0.0,-1
215,2,0,0.0,-1
215,2,1,0.405,-1
215,2,2,0.44,-1
215,2,3,0.0,-1
215,2,4,0.0,-1
215,2,5,0.15500000000000003,-1
216,0,0,0.0,-1
216,0,1,0.0,-1
216,0,2,0.0,-1
216,0,3,0.0,-1
216,0,4,0.0,-1
216,0,5,0.0,-1
216,1,0,0.0,-1
216,1,1,0.0,-1
216,1,2,0.0,-1
216,1,3,0.0,-1
216,1,4,0.0,-1
216,1,5,0.0,-1
216,2,0,0.005,-1
216,2,1,0.658,-1
216,2,2,0.249,-1
216,2,3,0.0,-1
216,2,4,0.0,-1
216,2,5,0.08800000000000002,-1
217,0,0,0.0,-1
217,0,1,0.0,-1
217,0,2,0.0,-1
217,0,3,0.0,-1
217,0,4,0.0,-1
217,0,5,0.0,-1
217,1,0,0.0,-1
217,1,1,0.0,-1
217,1,2,0.0,-1
217,1,3,0.0,-1
217,1,4,0.0,-1
217,1,5,0.0,-1
217,2,0,0.013,-1
217,2,1,0.728,-1
217,2,2,0.209,-1
217,2,3,0.0,-1
217,2,4,0.0,-1
217,2,5,0.05000000000000002,-1
218,0,0,0.0,-1
218,0,1,0.0,-1
218,0,2,0.0,-1
218,0,3,0.0,-1
218,0,4,0.0,-1
218,0,5,0.0,-1
218,1,0,0.0,-1
218,1,1,0.0,-1
218,1,2,0.0,-1
218,1,3,0.0,-1
218,1,4,0.0,-1
218,1,5,0.0,-1
218,2,0,0.129,-1
218,2,1,0.697,-1
218,2,2,0.13,-1
218,2,3,0.011,-1
218,2,4,0.0,-1
218,2,5,0.033000000000000015,-1
219,0,0,0.0,-1
219,0,1,0.0,-1
219,0,2,0.0,-1
219,0,3,0.0,-1
219,0,4,0.0,-1
219,0,5,0.0,-1
219,1,0,0.0,-1
219,1,1,0.0,-1
219,1,2,0.0,-1
219,1,3,0.0,-1
219,1,4,0.0,-1
219,1,5,0.0,-1
219,2,0,0.141,-1
219,2,1,0.683,-1
219,2,2,0.125,-1
219,2,3,0.006,-1
219,2,4,0.0,-1
219,2,5,0.04499999999999991,-1
220,0,0,0.0,-1
220,0,1,0.0,-1
220,0,2,0.0,-1
220,0,3,0.0,-1
220,0,4,0.0,-1
220,0,5,0.0,-1
220,1,0,0.0,-1
220,1,1,0.0,-1
220,1,2,0.0,-1
220,1,3,0.0,-1
220,1,4,0.0,-1
220,1,5,0.0,-1
220,2,0,0.012,-1
220,2,1,0.684,-1
220,2,2,0.241,-1
220,2,3,0.0,-1
220,2,4,0.0,-1
220,2,5,0.06299999999999992,-1
221,0,0,0.0,-1
221,0,1,0.0,-1
221,0,2,0.0,-1
221,0,3,0.0,-1
221,0,4,0.0,-1
221,0,5,0.0,-1
221,1,0,0.0,-1
221,1,1,0.0,-1
221,1,2,0.0,-1
221,1,3,0.0,-1
221,1,4,0.0,-1
221,1,5,0.0,-1
221,2,0,0.001,-1
221,2,1,0.471,-1
221,2,2,0.366,-1
221,2,3,0.0,-1
221,2,4,0.0,-1
221,2,5,0.162,-1
222,0,0,0.0,-1
222,0,1,0.0,-1
222,0,2,0.0,-1
222,0,3,0.0,-1
222,0,4,0.0,-1
222,0,5,0.0,-1
222,1,0,0.0,-1
222,1,1,0.0,-1
222,1,2,0.0,-1
222,1,3,0.0,-1
222,1,4,0.0,-1
222,1,5,0.0,-1
222,2,0,0.0,-1
222,2,1,0.689,-1
222,2,2,0.256,-1
222,2,3,0.004,-1
222,2,4,0.0,-1
222,2,5,0.05100000000000001,-1
223,0,0,0.0,-1
223,0,1,0.0,-1
223,0,2,0.0,-1
223,0,3,0.0,-1
223,0,4,0.0,-1
223,0,5,0.0,-1
223,1,0,0.0,-1
223,1,1,0.0,-1
223,1,2,0.0,-1
223,1,3,0.0,-1
223,1,4,0.0,-1
223,1,5,0.0,-1
223,2,0,0.001,-1
223,2,1,0.739,-1
223,2,2,0.234,-1
223,2,3,0.019,-1
223,2,4,0.0,-1
223,2,5,0.007000000000000005,-1
224,0,0,0.0,-1
224,0,1,0.0,-1
224,0,2,0.0,-1
224,0,3,0.0,-1
224,0,4,0.0,-1
224,0,5,0.0,-1
224,1,0,0.0,-1
224,1,1,0.0,-1
224,1,2,0.0,-1
224,1,3,0.0,-1
224,1,4,0.0,-1
224,1,5,0.0,-1
224,2,0,0.0,-1
224,2,1,0.737,-1
224,2,2,0.235,-1
224,2,3,0.021,-1
224,2,4,0.0,-1
224,2,5,0.007000000000000005,-1
225,0,0,0.0,-1
225,0,1,0.0,-1
225,0,2,0.0,-1
225,0,3,0.0,-1
225,0,4,0.0,-1
225,0,5,0.0,-1
225,1,0,0.0,-1
225,1,1,0.0,-1
225,1,2,0.0,-1
225,1,3,0.0,-1
225,1,4,0.0,-1
225,1,5,0.0,-1
225,2,0,0.0,-1
225,2,1,0.732,-1
225,2,2,0.24,-1
225,2,3,0.02,-1
225,2,4,0.0,-1
225,2,5,0.008000000000000005,-1
226,0,0,0.0,0.5349960327148438
226,0,1,0.0,0.5349960327148438
226,0,2,0.0,0.5349960327148438
226,0,3,0.0,0.5349960327148438
226,0,4,0.0,0.5349960327148438
226,0,5,0.0,0.5349960327148438
226,1,0,0.0,0.5349960327148438
226,1,1,0.0,0.5349960327148438
226,1,2,0.0,0.5349960327148438
226,1,3,0.0,0.5349960327148438
226,1,4,0.0,0.5349960327148438
226,1,5,0.0,0.5349960327148438
226,2,0,0.0,0.5349960327148438
226,2,1,0.73,0.5349960327148438
226,2,2,0.243,0.5349960327148438
226,2,3,0.018,0.5349960327148438
226,2,4,0.0,0.5349960327148438
226,2,5,0.009000000000000006,0.5349960327148438
227,0,0,0.0,-1
227,0,1,0.0,-1
227,0,2,0.0,-1
227,0,3,0.0,-1
227,0,4,0.0,-1
227,0,5,0.0,-1
227,1,0,0.288,-1
227,1,1,0.495,-1
227,1,2,0.124,-1
227,1,3,0.026,-1
227,1,4,0.037,-1
227,1,5,0.03000000000000001,-1
227,2,0,0.0,-1
227,2,1,0.0,-1
227,2,2,0.0,-1
227,2,3,0.0,-1
227,2,4,0.0,-1
227,2,5,0.0,-1
228,0,0,0.0,-1
228,0,1,0.0,-1
228,0,2,0.0,-1
228,0,3,0.0,-1
228,0,4,0.0,-1
228,0,5,0.0,-1
228,1,0,0.657,-1
228,1,1,0.006,-1
228,1,2,0.0,-1
228,1,3,0.078,-1
228,1,4,0.257,-1
228,1,5,0.002,-1
228,2,0,0.0,-1
228,2,1,0.0,-1
228,2,2,0.0,-1
228,2,3,0.0,-1
228,2,4,0.0,-1
228,2,5,0.0,-1
229,0,0,0.0,-1
229,0,1,0.0,-1
229,0,2,0.0,-1
229,0,3,0.0,-1
229,0,4,0.0,-1
229,0,5,0.0,-1
229,1,0,0.569,-1
229,1,1,0.012,-1
229,1,2,0.0,-1
229,1,3,0.112,-1
229,1,4,0.291,-1
229,1,5,0.016,-1
229,2,0,0.0,-1
229,2,1,0.0,-1
229,2,2,0.0,-1
229,2,3,0.0,-1
229,2,4,0.0,-1
229,2,5,0.0,-1
230,0,0,0.0,-1
230,0,1,0.0,-1
230,0,2,0.0,-1
230,0,3,0.0,-1
230,0,4,0.0,-1
230,0,5,0.0,-1
230,1,0,0.246,-1
230,1,1,0.0,-1
230,1,2,0.003,-1
230,1,3,0.009,-1
230,1,4,0.702,-1
230,1,5,0.04000000000000001,-1
230,2,0,0.0,-1
230,2,1,0.0,-1
230,2,2,0.0,-1
230,2,3,0.0,-1
230,2,4,0.0,-1
230,2,5,0.0,-1
231,0,0,0.0,-1
231,0,1,0.0,-1
231,0,2,0.0,-1
231,0,3,0.0,-1
231,0,4,0.0,-1
231,0,5,0.0,-1
231,1,0,0.419,-1
231,1,1,0.328,-1
231,1,2,0.029,-1
231,1,3,0.028,-1
231,1,4,0.167,-1
231,1,5,0.028999999999999894,-1
231,2,0,0.0,-1
231,2,1,0.0,-1
231,2,2,0.0,-1
231,2,3,0.0,-1
231,2,4,0.0,-1
231,2,5,0.0,-1
232,0,0,0.0,-1
232,0,1,0.0,-1
232,0,2,0.0,-1
232,0,3,0.0,-1
232,0,4,0.0,-1
232,0,5,0.0,-1
232,1,0,0.0,-1
232,1,1,0.713,-1
232,1,2,0.259,-1
232,1,3,0.0,-1
232,1,4,0.0,-1
232,1,5,0.02800000000000001,-1
232,2,0,0.0,-1
232,2,1,0.0,-1
232,2,2,0.0,-1
232,2,3,0.0,-1
232,2,4,0.0,-1
232,2,5,0.0,-1
233,0,0,0.0,-1
233,0,1,0.0,-1
233,0,2,0.0,-1
233,0,3,0.0,-1
233,0,4,0.0,-1
233,0,5,0.0,-1
233,1,0,0.0,-1
233,1,1,0.701,-1
233,1,2,0.267,-1
233,1,3,0.0,-1
233,1,4,0.0,-1
233,1,5,0.032000000000000015,-1
233,2,0,0.0,-1
233,2,1,0.0,-1
233,2,2,0.0,-1
233,2,3,0.0,-1
233,2,4,0.0,-1
233,2,5,0.0,-1
234,0,0,0.0,-1
234,0,1,0.0,-1
234,0,2,0.0,-1
234,0,3,0.0,-1
234,0,4,0.0,-1
234,0,5,0.0,-1
234,1,0,0.0,-1
234,1,1,0.705,-1
234,1,2,0.266,-1
234,1,3,0.001,-1
234,1,4,0.0,-1
234,1,5,0.02800000000000001,-1
234,2,0,0.0,-1
234,2,1,0.0,-1
234,2,2,0.0,-1
234,2,3,0.0,-1
234,2,4,0.0,-1
234,2,5,0.0,-1
235,0,0,0.0,-1
235,0,1,0.0,-1
235,0,2,0.0,-1
235,0,3,0.0,-1
235,0,4,0.0,-1
235,0,5,0.0,-1
235,1,0,0.0,-1
235,1,1,0.711,-1
235,1,2,0.264,-1
235,1,3,0.002,-1
235,1,4,0.0,-1
235,1,5,0.02300000000000001,-1
235,2,0,0.0,-1
235,2,1,0.0,-1
235,2,2,0.0,-1
235,2,3,0.0,-1
235,2,4,0.0,-1
235,2,5,0.0,-1
236,0,0,0.0,0.49599456787109375
236,0,1,0.0,0.49599456787109375
236,0,2,0.0,0.49599456787109375
236,0,3,0.0,0.49599456787109375
236,0,4,0.0,0.49599456787109375
236,0,5,0.0,0.49599456787109375
236,1,0,0.0,0.49599456787109375
236,1,1,0.712,0.49599456787109375
236,1,2,0.263,0.49599456787109375
236,1,3,0.002,0.49599456787109375
236,1,4,0.0,0.49599456787109375
236,1,5,0.02300000000000001,0.49599456787109375
236,2,0,0.0,0.49599456787109375
236,2,1,0.0,0.49599456787109375
236,2,2,0.0,0.49599456787109375
236,2,3,0.0,0.49599456787109375
236,2,4,0.0,0.49599456787109375
236,2,5,0.0,0.49599456787109375
237,0,0,0.171,-1
237,0,1,0.643,-1
237,0,2,0.145,-1
237,0,3,0.02,-1
237,0,4,0.0,-1
237,0,5,0.020999999999999897,-1
237,1,0,0.0,-1
237,1,1,0.0,-1
237,1,2,0.0,-1
237,1,3,0.0,-1
237,1,4,0.0,-1
237,1,5,0.0,-1
237,2,0,0.0,-1
237,2,1,0.0,-1
237,2,2,0.0,-1
237,2,3,0.0,-1
237,2,4,0.0,-1
237,2,5,0.0,-1
238,0,0,0.717,-1
238,0,1,0.091,-1
238,0,2,0.0,-1
238,0,3,0.031,-1
238,0,4,0.15,-1
238,0,5,0.011000000000000001,-1
238,1,0,0.0,-1
238,1,1,0.0,-1
238,1,2,0.0,-1
238,1,3,0.0,-1
238,1,4,0.0,-1
238,1,5,0.0,-1
238,2,0,0.0,-1
238,2,1,0.0,-1
238,2,2,0.0,-1
238,2,3,0.0,-1
238,2,4,0.0,-1
238,2,5,0.0,-1
239,0,0,0.741,-1
239,0,1,0.014,-1
239,0,2,0.0,-1
239,0,3,0.006,-1
239,0,4,0.208,-1
239,0,5,0.031,-1
239,1,0,0.0,-1
239,1,1,0.0,-1
239,1,2,0.0,-1
239,1,3,0.0,-1
239,1,4,0.0,-1
239,1,5,0.0,-1
239,2,0,0.0,-1
239,2,1,0.0,-1
239,2,2,0.0,-1
239,2,3,0.0,-1
239,2,4,0.0,-1
239,2,5,0.0,-1
240,0,0,0.746,-1
240,0,1,0.054,-1
240,0,2,0.0,-1
240,0,3,0.01,-1
240,0,4,0.166,-1
240,0,5,0.02399999999999989,-1
240,1,0,0.0,-1
240,1,1,0.0,-1
240,1,2,0.0,-1
240,1,3,0.0,-1
240,1,4,0.0,-1
240,1,5,0.0,-1
240,2,0,0.0,-1
240,2,1,0.0,-1
240,2,2,0.0,-1
240,2,3,0.0,-1
240,2,4,0.0,-1
240,2,5,0.0,-1
241,0,0,0.687,-1
241,0,1,0.171,-1
241,0,2,0.0,-1
241,0,3,0.029,-1
241,0,4,0.095,-1
241,0,5,0.01799999999999989,-1
241,1,0,0.0,-1
241,1,1,0.0,-1
241,1,2,0.0,-1
241,1,3,0.0,-1
241,1,4,0.0,-1
241,1,5,0.0,-1
241,2,0,0.0,-1
241,2,1,0.0,-1
241,2,2,0.0,-1
241,2,3,0.0,-1
241,2,4,0.0,-1
241,2,5,0.0,-1
242,0,0,0.558,-1
242,0,1,0.356,-1
242,0,2,0.0,-1
242,0,3,0.019,-1
242,0,4,0.017,-1
242,0,5,0.04999999999999989,-1
242,1,0,0.0,-1
242,1,1,0.0,-1
242,1,2,0.0,-1
242,1,3,0.0,-1
242,1,4,0.0,-1
242,1,5,0.0,-1
242,2,0,0.0,-1
242,2,1,0.0,-1
242,2,2,0.0,-1
242,2,3,0.0,-1
242,2,4,0.0,-1
242,2,5,0.0,-1
243,0,0,0.622,-1
243,0,1,0.274,-1
243,0,2,0.0,-1
243,0,3,0.016,-1
243,0,4,0.042,-1
243,0,5,0.045999999999999895,-1
243,1,0,0.0,-1
243,1,1,0.0,-1
243,1,2,0.0,-1
243,1,3,0.0,-1
243,1,4,0.0,-1
243,1,5,0.0,-1
243,2,0,0.0,-1
243,2,1,0.0,-1
243,2,2,0.0,-1
243,2,3,0.0,-1
243,2,4,0.0,-1
243,2,5,0.0,-1
244,0,0,0.607,-1
244,0,1,0.293,-1
244,0,2,0.0,-1
244,0,3,0.01,-1
244,0,4,0.032,-1
244,0,5,0.05800000000000001,-1
244,1,0,0.0,-1
244,1,1,0.0,-1
244,1,2,0.0,-1
244,1,3,0.0,-1
244,1,4,0.0,-1
244,1,5,0.0,-1
244,2,0,0.0,-1
244,2,1,0.0,-1
244,2,2,0.0,-1
244,2,3,0.0,-1
244,2,4,0.0,-1
244,2,5,0.0,-1
245,0,0,0.607,-1
245,0,1,0.296,-1
245,0,2,0.0,-1
245,0,3,0.015,-1
245,0,4,0.033,-1
245,0,5,0.04899999999999989,-1
245,1,0,0.0,-1
245,1,1,0.0,-1
245,1,2,0.0,-1
245,1,3,0.0,-1
245,1,4,0.0,-1
245,1,5,0.0,-1
245,2,0,0.0,-1
245,2,1,0.0,-1
245,2,2,0.0,-1
245,2,3,0.0,-1
245,2,4,0.0,-1
245,2,5,0.0,-1
246,0,0,0.715,-1
246,0,1,0.119,-1
246,0,2,0.0,-1
246,0,3,0.02,-1
246,0,4,0.122,-1
246,0,5,0.024,-1
246,1,0,0.0,-1
246,1,1,0.0,-1
246,1,2,0.0,-1
246,1,3,0.0,-1
246,1,4,0.0,-1
246,1,5,0.0,-1
246,2,0,0.0,-1
246,2,1,0.0,-1
246,2,2,0.0,-1
246,2,3,0.0,-1
246,2,4,0.0,-1
246,2,5,0.0,-1
247,0,0,0.657,-1
247,0,1,0.141,-1
247,0,2,0.0,-1
247,0,3,0.0,-1
247,0,4,0.101,-1
247,0,5,0.101,-1
247,1,0,0.0,-1
247,1,1,0.0,-1
247,1,2,0.0,-1
247,1,3,0.0,-1
247,1,4,0.0,-1
247,1,5,0.0,-1
247,2,0,0.0,-1
247,2,1,0.0,-1
247,2,2,0.0,-1
247,2,3,0.0,-1
247,2,4,0.0,-1
247,2,5,0.0,-1
248,0,0,0.711,-1
248,0,1,0.102,-1
248,0,2,0.0,-1
248,0,3,0.009,-1
248,0,4,0.13,-1
248,0,5,0.048,-1
248,1,0,0.0,-1
248,1,1,0.0,-1
248,1,2,0.0,-1
248,1,3,0.0,-1
248,1,4,0.0,-1
248,1,5,0.0,-1
248,2,0,0.0,-1
248,2,1,0.0,-1
248,2,2,0.0,-1
248,2,3,0.0,-1
248,2,4,0.0,-1
248,2,5,0.0,-1
249,0,0,0.577,-1
249,0,1,0.007,-1
249,0,2,0.0,-1
249,0,3,0.002,-1
249,0,4,0.326,-1
249,0,5,0.0880000000000001,-1
249,1,0,0.0,-1
249,1,1,0.0,-1
249,1,2,0.0,-1
249,1,3,0.0,-1
249,1,4,0.0,-1
249,1,5,0.0,-1
249,2,0,0.0,-1
249,2,1,0.0,-1
249,2,2,0.0,-1
249,2,3,0.0,-1
249,2,4,0.0,-1
249,2,5,0.0,-1
250,0,0,0.103,-1
250,0,1,0.0,-1
250,0,2,0.152,-1
250,0,3,0.0,-1
250,0,4,0.645,-1
250,0,5,0.10000000000000002,-1
250,1,0,0.0,-1
250,1,1,0.0,-1
250,1,2,0.0,-1
250,1,3,0.0,-1
250,1,4,0.0,-1
250,1,5,0.0,-1
250,2,0,0.0,-1
250,2,1,0.0,-1
250,2,2,0.0,-1
250,2,3,0.0,-1
250,2,4,0.0,-1
250,2,5,0.0,-1
251,0,0,0.186,-1
251,0,1,0.0,-1
251,0,2,0.016,-1
251,0,3,0.001,-1
251,0,4,0.745,-1
251,0,5,0.052000000000000005,-1
251,1,0,0.0,-1
251,1,1,0.0,-1
251,1,2,0.0,-1
251,1,3,0.0,-1
251,1,4,0.0,-1
251,1,5,0.0,-1
251,2,0,0.0,-1
251,2,1,0.0,-1
251,2,2,0.0,-1
251,2,3,0.0,-1
251,2,4,0.0,-1
251,2,5,0.0,-1
252,0,0,0.127,-1
252,0,1,0.0,-1
252,0,2,0.098,-1
252,0,3,0.0,-1
252,0,4,0.703,-1
252,0,5,0.07200000000000001,-1
252,1,0,0.0,-1
252,1,1,0.0,-1
252,1,2,0.0,-1
252,1,3,0.0,-1
252,1,4,0.0,-1
252,1,5,0.0,-1
252,2,0,0.0,-1
252,2,1,0.0,-1
252,2,2,0.0,-1
252,2,3,0.0,-1
252,2,4,0.0,-1
252,2,5,0.0,-1
253,0,0,0.009,-1
253,0,1,0.042,-1
253,0,2,0.507,-1
253,0,3,0.003,-1
253,0,4,0.326,-1
253,0,5,0.11300000000000002,-1
253,1,0,0.0,-1
253,1,1,0.0,-1
253,1,2,0.0,-1
253,1,3,0.0,-1
253,1,4,0.0,-1
253,1,5,0.0,-1
253,2,0,0.0,-1
253,2,1,0.0,-1
253,2,2,0.0,-1
253,2,3,0.0,-1
253,2,4,0.0,-1
253,2,5,0.0,-1
254,0,0,0.057,-1
254,0,1,0.0,-1
254,0,2,0.258,-1
254,0,3,0.004,-1
254,0,4,0.6,-1
254,0,5,0.08100000000000002,-1
254,1,0,0.0,-1
254,1,1,0.0,-1
254,1,2,0.0,-1
254,1,3,0.0,-1
254,1,4,0.0,-1
254,1,5,0.0,-1
254,2,0,0.0,-1
254,2,1,0.0,-1
254,2,2,0.0,-1
254,2,3,0.0,-1
254,2,4,0.0,-1
254,2,5,0.0,-1
255,0,0,0.042,-1
255,0,1,0.034,-1
255,0,2,0.478,-1
255,0,3,0.005,-1
255,0,4,0.365,-1
255,0,5,0.0759999999999999,-1
255,1,0,0.0,-1
255,1,1,0.0,-1
255,1,2,0.0,-1
255,1,3,0.0,-1
255,1,4,0.0,-1
255,1,5,0.0,-1
255,2,0,0.0,-1
255,2,1,0.0,-1
255,2,2,0.0,-1
255,2,3,0.0,-1
255,2,4,0.0,-1
255,2,5,0.0,-1
