#chunkId,viewpointId,tileId,visibilityRatio,switchingDecisionTime
0,0,0,0.122,-1
0,0,1,0.0,-1
0,0,2,0.058,-1
0,0,3,0.0,-1
0,0,4,0.706,-1
0,0,5,0.114,-1
0,1,0,0.0,-1
0,1,1,0.0,-1
0,1,2,0.0,-1
0,1,3,0.0,-1
0,1,4,0.0,-1
0,1,5,0.0,-1
0,2,0,0.0,-1
0,2,1,0.0,-1
0,2,2,0.0,-1
0,2,3,0.0,-1
0,2,4,0.0,-1
0,2,5,0.0,-1
1,0,0,0.146,-1
1,0,1,0.0,-1
1,0,2,0.037,-1
1,0,3,0.0,-1
1,0,4,0.708,-1
1,0,5,0.109,-1
1,1,0,0.0,-1
1,1,1,0.0,-1
1,1,2,0.0,-1
1,1,3,0.0,-1
1,1,4,0.0,-1
1,1,5,0.0,-1
1,2,0,0.0,-1
1,2,1,0.0,-1
1,2,2,0.0,-1
1,2,3,0.0,-1
1,2,4,0.0,-1
1,2,5,0.0,-1
2,0,0,0.151,-1
2,0,1,0.0,-1
2,0,2,0.031,-1
2,0,3,0.001,-1
2,0,4,0.741,-1
2,0,5,0.076,-1
2,1,0,0.0,-1
2,1,1,0.0,-1
2,1,2,0.0,-1
2,1,3,0.0,-1
2,1,4,0.0,-1
2,1,5,0.0,-1
2,2,0,0.0,-1
2,2,1,0.0,-1
2,2,2,0.0,-1
2,2,3,0.0,-1
2,2,4,0.0,-1
2,2,5,0.0,-1
3,0,0,0.075,-1
3,0,1,0.0,-1
3,0,2,0.094,-1
3,0,3,0.096,-1
3,0,4,0.714,-1
3,0,5,0.021,-1
3,1,0,0.0,-1
3,1,1,0.0,-1
3,1,2,0.0,-1
3,1,3,0.0,-1
3,1,4,0.0,-1
3,1,5,0.0,-1
3,2,0,0.0,-1
3,2,1,0.0,-1
3,2,2,0.0,-1
3,2,3,0.0,-1
3,2,4,0.0,-1
3,2,5,0.0,-1
4,0,0,0.073,-1
4,0,1,0.0,-1
4,0,2,0.095,-1
4,0,3,0.1,-1
4,0,4,0.732,-1
4,0,5,0.0,-1
4,1,0,0.0,-1
4,1,1,0.0,-1
4,1,2,0.0,-1
4,1,3,0.0,-1
4,1,4,0.0,-1
4,1,5,0.0,-1
4,2,0,0.0,-1
4,2,1,0.0,-1
4,2,2,0.0,-1
4,2,3,0.0,-1
4,2,4,0.0,-1
4,2,5,0.0,-1
5,0,0,0.075,-1
5,0,1,0.0,-1
5,0,2,0.093,-1
5,0,3,0.089,-1
5,0,4,0.743,-1
5,0,5,0.0,-1
5,1,0,0.0,-1
5,1,1,0.0,-1
5,1,2,0.0,-1
5,1,3,0.0,-1
5,1,4,0.0,-1
5,1,5,0.0,-1
5,2,0,0.0,-1
5,2,1,0.0,-1
5,2,2,0.0,-1
5,2,3,0.0,-1
5,2,4,0.0,-1
5,2,5,0.0,-1
6,0,0,0.076,-1
6,0,1,0.0,-1
6,0,2,0.092,-1
6,0,3,0.088,-1
6,0,4,0.744,-1
6,0,5,0.0,-1
6,1,0,0.0,-1
6,1,1,0.0,-1
6,1,2,0.0,-1
6,1,3,0.0,-1
6,1,4,0.0,-1
6,1,5,0.0,-1
6,2,0,0.0,-1
6,2,1,0.0,-1
6,2,2,0.0,-1
6,2,3,0.0,-1
6,2,4,0.0,-1
6,2,5,0.0,-1
7,0,0,0.1,-1
7,0,1,0.0,-1
7,0,2,0.074,-1
7,0,3,0.021,-1
7,0,4,0.683,-1
7,0,5,0.122,-1
7,1,0,0.0,-1
7,1,1,0.0,-1
7,1,2,0.0,-1
7,1,3,0.0,-1
7,1,4,0.0,-1
7,1,5,0.0,-1
7,2,0,0.0,-1
7,2,1,0.0,-1
7,2,2,0.0,-1
7,2,3,0.0,-1
7,2,4,0.0,-1
7,2,5,0.0,-1
8,0,0,0.152,-1
8,0,1,0.0,-1
8,0,2,0.033,-1
8,0,3,0.0,-1
8,0,4,0.655,-1
8,0,5,0.16,-1
8,1,0,0.0,-1
8,1,1,0.0,-1
8,1,2,0.0,-1
8,1,3,0.0,-1
8,1,4,0.0,-1
8,1,5,0.0,-1
8,2,0,0.0,-1
8,2,1,0.0,-1
8,2,2,0.0,-1
8,2,3,0.0,-1
8,2,4,0.0,-1
8,2,5,0.0,-1
9,0,0,0.171,-1
9,0,1,0.0,-1
9,0,2,0.015,-1
9,0,3,0.0,-1
9,0,4,0.684,-1
9,0,5,0.13,-1
9,1,0,0.0,-1
9,1,1,0.0,-1
9,1,2,0.0,-1
9,1,3,0.0,-1
9,1,4,0.0,-1
9,1,5,0.0,-1
9,2,0,0.0,-1
9,2,1,0.0,-1
9,2,2,0.0,-1
9,2,3,0.0,-1
9,2,4,0.0,-1
9,2,5,0.0,-1
10,0,0,0.117,-1
10,0,1,0.0,-1
10,0,2,0.09,-1
10,0,3,0.062,-1
10,0,4,0.692,-1
10,0,5,0.039,-1
10,1,0,0.0,-1
10,1,1,0.0,-1
10,1,2,0.0,-1
10,1,3,0.0,-1
10,1,4,0.0,-1
10,1,5,0.0,-1
10,2,0,0.0,-1
10,2,1,0.0,-1
10,2,2,0.0,-1
10,2,3,0.0,-1
10,2,4,0.0,-1
10,2,5,0.0,-1
11,0,0,0.037,-1
11,0,1,0.0,-1
11,0,2,0.143,-1
11,0,3,0.002,-1
11,0,4,0.742,-1
11,0,5,0.076,-1
11,1,0,0.0,-1
11,1,1,0.0,-1
11,1,2,0.0,-1
11,1,3,0.0,-1
11,1,4,0.0,-1
11,1,5,0.0,-1
11,2,0,0.0,-1
11,2,1,0.0,-1
11,2,2,0.0,-1
11,2,3,0.0,-1
11,2,4,0.0,-1
11,2,5,0.0,-1
12,0,0,0.14,-1
12,0,1,0.0,-1
12,0,2,0.071,-1
12,0,3,0.071,-1
12,0,4,0.697,-1
12,0,5,0.021,-1
12,1,0,0.0,-1
12,1,1,0.0,-1
12,1,2,0.0,-1
12,1,3,0.0,-1
12,1,4,0.0,-1
12,1,5,0.0,-1
12,2,0,0.0,-1
12,2,1,0.0,-1
12,2,2,0.0,-1
12,2,3,0.0,-1
12,2,4,0.0,-1
12,2,5,0.0,-1
13,0,0,0.079,-1
13,0,1,0.299,-1
13,0,2,0.218,-1
13,0,3,0.03,-1
13,0,4,0.231,-1
13,0,5,0.143,-1
13,1,0,0.0,-1
13,1,1,0.0,-1
13,1,2,0.0,-1
13,1,3,0.0,-1
13,1,4,0.0,-1
13,1,5,0.0,-1
13,2,0,0.0,-1
13,2,1,0.0,-1
13,2,2,0.0,-1
13,2,3,0.0,-1
13,2,4,0.0,-1
13,2,5,0.0,-1
14,0,0,0.0,-1
14,0,1,0.336,-1
14,0,2,0.263,-1
14,0,3,0.0,-1
14,0,4,0.028,-1
14,0,5,0.373,-1
14,1,0,0.0,-1
14,1,1,0.0,-1
14,1,2,0.0,-1
14,1,3,0.0,-1
14,1,4,0.0,-1
14,1,5,0.0,-1
14,2,0,0.0,-1
14,2,1,0.0,-1
14,2,2,0.0,-1
14,2,3,0.0,-1
14,2,4,0.0,-1
14,2,5,0.0,-1
15,0,0,0.015,-1
15,0,1,0.065,-1
15,0,2,0.151,-1
15,0,3,0.0,-1
15,0,4,0.259,-1
15,0,5,0.51,-1
15,1,0,0.0,-1
15,1,1,0.0,-1
15,1,2,0.0,-1
15,1,3,0.0,-1
15,1,4,0.0,-1
15,1,5,0.0,-1
15,2,0,0.0,-1
15,2,1,0.0,-1
15,2,2,0.0,-1
15,2,3,0.0,-1
15,2,4,0.0,-1
15,2,5,0.0,-1
16,0,0,0.0,-1
16,0,1,0.021,-1
16,0,2,0.232,-1
16,0,3,0.0,-1
16,0,4,0.304,-1
16,0,5,0.443,-1
16,1,0,0.0,-1
16,1,1,0.0,-1
16,1,2,0.0,-1
16,1,3,0.0,-1
16,1,4,0.0,-1
16,1,5,0.0,-1
16,2,0,0.0,-1
16,2,1,0.0,-1
16,2,2,0.0,-1
16,2,3,0.0,-1
16,2,4,0.0,-1
16,2,5,0.0,-1
17,0,0,0.012,-1
17,0,1,0.007,-1
17,0,2,0.176,-1
17,0,3,0.0,-1
17,0,4,0.313,-1
17,0,5,0.492,-1
17,1,0,0.0,-1
17,1,1,0.0,-1
17,1,2,0.0,-1
17,1,3,0.0,-1
17,1,4,0.0,-1
17,1,5,0.0,-1
17,2,0,0.0,-1
17,2,1,0.0,-1
17,2,2,0.0,-1
17,2,3,0.0,-1
17,2,4,0.0,-1
17,2,5,0.0,-1
18,0,0,0.156,-1
18,0,1,0.019,-1
18,0,2,0.11,-1
18,0,3,0.01,-1
18,0,4,0.421,-1
18,0,5,0.284,-1
18,1,0,0.0,-1
18,1,1,0.0,-1
18,1,2,0.0,-1
18,1,3,0.0,-1
18,1,4,0.0,-1
18,1,5,0.0,-1
18,2,0,0.0,-1
18,2,1,0.0,-1
18,2,2,0.0,-1
18,2,3,0.0,-1
18,2,4,0.0,-1
18,2,5,0.0,-1
19,0,0,0.022,-1
19,0,1,0.542,-1
19,0,2,0.235,-1
19,0,3,0.0,-1
19,0,4,0.011,-1
19,0,5,0.19,-1
19,1,0,0.0,-1
19,1,1,0.0,-1
19,1,2,0.0,-1
19,1,3,0.0,-1
19,1,4,0.0,-1
19,1,5,0.0,-1
19,2,0,0.0,-1
19,2,1,0.0,-1
19,2,2,0.0,-1
19,2,3,0.0,-1
19,2,4,0.0,-1
19,2,5,0.0,-1
20,0,0,0.032,-1
20,0,1,0.594,-1
20,0,2,0.172,-1
20,0,3,0.0,-1
20,0,4,0.0,-1
20,0,5,0.202,-1
20,1,0,0.0,-1
20,1,1,0.0,-1
20,1,2,0.0,-1
20,1,3,0.0,-1
20,1,4,0.0,-1
20,1,5,0.0,-1
20,2,0,0.0,-1
20,2,1,0.0,-1
20,2,2,0.0,-1
20,2,3,0.0,-1
20,2,4,0.0,-1
20,2,5,0.0,-1
21,0,0,0.036,-1
21,0,1,0.598,-1
21,0,2,0.166,-1
21,0,3,0.0,-1
21,0,4,0.0,-1
21,0,5,0.2,-1
21,1,0,0.0,-1
21,1,1,0.0,-1
21,1,2,0.0,-1
21,1,3,0.0,-1
21,1,4,0.0,-1
21,1,5,0.0,-1
21,2,0,0.0,-1
21,2,1,0.0,-1
21,2,2,0.0,-1
21,2,3,0.0,-1
21,2,4,0.0,-1
21,2,5,0.0,-1
22,0,0,0.053,-1
22,0,1,0.579,-1
22,0,2,0.142,-1
22,0,3,0.0,-1
22,0,4,0.0,-1
22,0,5,0.226,-1
22,1,0,0.0,-1
22,1,1,0.0,-1
22,1,2,0.0,-1
22,1,3,0.0,-1
22,1,4,0.0,-1
22,1,5,0.0,-1
22,2,0,0.0,-1
22,2,1,0.0,-1
22,2,2,0.0,-1
22,2,3,0.0,-1
22,2,4,0.0,-1
22,2,5,0.0,-1
23,0,0,0.047,-1
23,0,1,0.562,-1
23,0,2,0.157,-1
23,0,3,0.0,-1
23,0,4,0.0,-1
23,0,5,0.234,-1
23,1,0,0.0,-1
23,1,1,0.0,-1
23,1,2,0.0,-1
23,1,3,0.0,-1
23,1,4,0.0,-1
23,1,5,0.0,-1
23,2,0,0.0,-1
23,2,1,0.0,-1
23,2,2,0.0,-1
23,2,3,0.0,-1
23,2,4,0.0,-1
23,2,5,0.0,-1
24,0,0,0.001,-1
24,0,1,0.535,-1
24,0,2,0.228,-1
24,0,3,0.0,-1
24,0,4,0.0,-1
24,0,5,0.236,-1
24,1,0,0.0,-1
24,1,1,0.0,-1
24,1,2,0.0,-1
24,1,3,0.0,-1
24,1,4,0.0,-1
24,1,5,0.0,-1
24,2,0,0.0,-1
24,2,1,0.0,-1
24,2,2,0.0,-1
24,2,3,0.0,-1
24,2,4,0.0,-1
24,2,5,0.0,-1
25,0,0,0.0,-1
25,0,1,0.504,-1
25,0,2,0.258,-1
25,0,3,0.0,-1
25,0,4,0.0,-1
25,0,5,0.238,-1
25,1,0,0.0,-1
25,1,1,0.0,-1
25,1,2,0.0,-1
25,1,3,0.0,-1
25,1,4,0.0,-1
25,1,5,0.0,-1
25,2,0,0.0,-1
25,2,1,0.0,-1
25,2,2,0.0,-1
25,2,3,0.0,-1
25,2,4,0.0,-1
25,2,5,0.0,-1
26,0,0,0.0,-1
26,0,1,0.458,-1
26,0,2,0.379,-1
26,0,3,0.0,-1
26,0,4,0.0,-1
26,0,5,0.163,-1
26,1,0,0.0,-1
26,1,1,0.0,-1
26,1,2,0.0,-1
26,1,3,0.0,-1
26,1,4,0.0,-1
26,1,5,0.0,-1
26,2,0,0.0,-1
26,2,1,0.0,-1
26,2,2,0.0,-1
26,2,3,0.0,-1
26,2,4,0.0,-1
26,2,5,0.0,-1
27,0,0,0.152,-1
27,0,1,0.097,-1
27,0,2,0.263,-1
27,0,3,0.031,-1
27,0,4,0.355,-1
27,0,5,0.102,-1
27,1,0,0.0,-1
27,1,1,0.0,-1
27,1,2,0.0,-1
27,1,3,0.0,-1
27,1,4,0.0,-1
27,1,5,0.0,-1
27,2,0,0.0,-1
27,2,1,0.0,-1
27,2,2,0.0,-1
27,2,3,0.0,-1
27,2,4,0.0,-1
27,2,5,0.0,-1
28,0,0,0.27,-1
28,0,1,0.0,-1
28,0,2,0.0,-1
28,0,3,0.009,-1
28,0,4,0.631,-1
28,0,5,0.09,-1
28,1,0,0.0,-1
28,1,1,0.0,-1
28,1,2,0.0,-1
28,1,3,0.0,-1
28,1,4,0.0,-1
28,1,5,0.0,-1
28,2,0,0.0,-1
28,2,1,0.0,-1
28,2,2,0.0,-1
28,2,3,0.0,-1
28,2,4,0.0,-1
28,2,5,0.0,-1
29,0,0,0.216,-1
29,0,1,0.021,-1
29,0,2,0.045,-1
29,0,3,0.006,-1
29,0,4,0.605,-1
29,0,5,0.107,-1
29,1,0,0.0,-1
29,1,1,0.0,-1
29,1,2,0.0,-1
29,1,3,0.0,-1
29,1,4,0.0,-1
29,1,5,0.0,-1
29,2,0,0.0,-1
29,2,1,0.0,-1
29,2,2,0.0,-1
29,2,3,0.0,-1
29,2,4,0.0,-1
29,2,5,0.0,-1
30,0,0,0.079,-1
30,0,1,0.684,-1
30,0,2,0.151,-1
30,0,3,0.002,-1
30,0,4,0.0,-1
30,0,5,0.084,-1
30,1,0,0.0,-1
30,1,1,0.0,-1
30,1,2,0.0,-1
30,1,3,0.0,-1
30,1,4,0.0,-1
30,1,5,0.0,-1
30,2,0,0.0,-1
30,2,1,0.0,-1
30,2,2,0.0,-1
30,2,3,0.0,-1
30,2,4,0.0,-1
30,2,5,0.0,-1
31,0,0,0.005,-1
31,0,1,0.554,-1
31,0,2,0.222,-1
31,0,3,0.0,-1
31,0,4,0.0,-1
31,0,5,0.219,-1
31,1,0,0.0,-1
31,1,1,0.0,-1
31,1,2,0.0,-1
31,1,3,0.0,-1
31,1,4,0.0,-1
31,1,5,0.0,-1
31,2,0,0.0,-1
31,2,1,0.0,-1
31,2,2,0.0,-1
31,2,3,0.0,-1
31,2,4,0.0,-1
31,2,5,0.0,-1
32,0,0,0.01,-1
32,0,1,0.493,-1
32,0,2,0.213,-1
32,0,3,0.0,-1
32,0,4,0.0,-1
32,0,5,0.284,-1
32,1,0,0.0,-1
32,1,1,0.0,-1
32,1,2,0.0,-1
32,1,3,0.0,-1
32,1,4,0.0,-1
32,1,5,0.0,-1
32,2,0,0.0,-1
32,2,1,0.0,-1
32,2,2,0.0,-1
32,2,3,0.0,-1
32,2,4,0.0,-1
32,2,5,0.0,-1
33,0,0,0.012,-1
33,0,1,0.57,-1
33,0,2,0.222,-1
33,0,3,0.0,-1
33,0,4,0.0,-1
33,0,5,0.196,-1
33,1,0,0.0,-1
33,1,1,0.0,-1
33,1,2,0.0,-1
33,1,3,0.0,-1
33,1,4,0.0,-1
33,1,5,0.0,-1
33,2,0,0.0,-1
33,2,1,0.0,-1
33,2,2,0.0,-1
33,2,3,0.0,-1
33,2,4,0.0,-1
33,2,5,0.0,-1
34,0,0,0.02,-1
34,0,1,0.601,-1
34,0,2,0.194,-1
34,0,3,0.0,-1
34,0,4,0.0,-1
34,0,5,0.185,-1
34,1,0,0.0,-1
34,1,1,0.0,-1
34,1,2,0.0,-1
34,1,3,0.0,-1
34,1,4,0.0,-1
34,1,5,0.0,-1
34,2,0,0.0,-1
34,2,1,0.0,-1
34,2,2,0.0,-1
34,2,3,0.0,-1
34,2,4,0.0,-1
34,2,5,0.0,-1
35,0,0,0.016,-1
35,0,1,0.609,-1
35,0,2,0.199,-1
35,0,3,0.0,-1
35,0,4,0.0,-1
35,0,5,0.176,-1
35,1,0,0.0,-1
35,1,1,0.0,-1
35,1,2,0.0,-1
35,1,3,0.0,-1
35,1,4,0.0,-1
35,1,5,0.0,-1
35,2,0,0.0,-1
35,2,1,0.0,-1
35,2,2,0.0,-1
35,2,3,0.0,-1
35,2,4,0.0,-1
35,2,5,0.0,-1
36,0,0,0.025,-1
36,0,1,0.603,-1
36,0,2,0.184,-1
36,0,3,0.0,-1
36,0,4,0.0,-1
36,0,5,0.188,-1
36,1,0,0.0,-1
36,1,1,0.0,-1
36,1,2,0.0,-1
36,1,3,0.0,-1
36,1,4,0.0,-1
36,1,5,0.0,-1
36,2,0,0.0,-1
36,2,1,0.0,-1
36,2,2,0.0,-1
36,2,3,0.0,-1
36,2,4,0.0,-1
36,2,5,0.0,-1
37,0,0,0.023,-1
37,0,1,0.602,-1
37,0,2,0.187,-1
37,0,3,0.0,-1
37,0,4,0.0,-1
37,0,5,0.188,-1
37,1,0,0.0,-1
37,1,1,0.0,-1
37,1,2,0.0,-1
37,1,3,0.0,-1
37,1,4,0.0,-1
37,1,5,0.0,-1
37,2,0,0.0,-1
37,2,1,0.0,-1
37,2,2,0.0,-1
37,2,3,0.0,-1
37,2,4,0.0,-1
37,2,5,0.0,-1
38,0,0,0.022,-1
38,0,1,0.598,-1
38,0,2,0.189,-1
38,0,3,0.0,-1
38,0,4,0.0,-1
38,0,5,0.191,-1
38,1,0,0.0,-1
38,1,1,0.0,-1
38,1,2,0.0,-1
38,1,3,0.0,-1
38,1,4,0.0,-1
38,1,5,0.0,-1
38,2,0,0.0,-1
38,2,1,0.0,-1
38,2,2,0.0,-1
38,2,3,0.0,-1
38,2,4,0.0,-1
38,2,5,0.0,-1
39,0,0,0.022,-1
39,0,1,0.595,-1
39,0,2,0.187,-1
39,0,3,0.0,-1
39,0,4,0.0,-1
39,0,5,0.196,-1
39,1,0,0.0,-1
39,1,1,0.0,-1
39,1,2,0.0,-1
39,1,3,0.0,-1
39,1,4,0.0,-1
39,1,5,0.0,-1
39,2,0,0.0,-1
39,2,1,0.0,-1
39,2,2,0.0,-1
39,2,3,0.0,-1
39,2,4,0.0,-1
39,2,5,0.0,-1
40,0,0,0.023,-1
40,0,1,0.586,-1
40,0,2,0.185,-1
40,0,3,0.0,-1
40,0,4,0.0,-1
40,0,5,0.206,-1
40,1,0,0.0,-1
40,1,1,0.0,-1
40,1,2,0.0,-1
40,1,3,0.0,-1
40,1,4,0.0,-1
40,1,5,0.0,-1
40,2,0,0.0,-1
40,2,1,0.0,-1
40,2,2,0.0,-1
40,2,3,0.0,-1
40,2,4,0.0,-1
40,2,5,0.0,-1
41,0,0,0.025,-1
41,0,1,0.579,-1
41,0,2,0.18,-1
41,0,3,0.0,-1
41,0,4,0.0,-1
41,0,5,0.216,-1
41,1,0,0.0,-1
41,1,1,0.0,-1
41,1,2,0.0,-1
41,1,3,0.0,-1
41,1,4,0.0,-1
41,1,5,0.0,-1
41,2,0,0.0,-1
41,2,1,0.0,-1
41,2,2,0.0,-1
41,2,3,0.0,-1
41,2,4,0.0,-1
41,2,5,0.0,-1
42,0,0,0.024,-1
42,0,1,0.577,-1
42,0,2,0.182,-1
42,0,3,0.0,-1
42,0,4,0.0,-1
42,0,5,0.217,-1
42,1,0,0.0,-1
42,1,1,0.0,-1
42,1,2,0.0,-1
42,1,3,0.0,-1
42,1,4,0.0,-1
42,1,5,0.0,-1
42,2,0,0.0,-1
42,2,1,0.0,-1
42,2,2,0.0,-1
42,2,3,0.0,-1
42,2,4,0.0,-1
42,2,5,0.0,-1
43,0,0,0.02,-1
43,0,1,0.575,-1
43,0,2,0.189,-1
43,0,3,0.0,-1
43,0,4,0.0,-1
43,0,5,0.216,-1
43,1,0,0.0,-1
43,1,1,0.0,-1
43,1,2,0.0,-1
43,1,3,0.0,-1
43,1,4,0.0,-1
43,1,5,0.0,-1
43,2,0,0.0,-1
43,2,1,0.0,-1
43,2,2,0.0,-1
43,2,3,0.0,-1
43,2,4,0.0,-1
43,2,5,0.0,-1
44,0,0,0.02,-1
44,0,1,0.559,-1
44,0,2,0.189,-1
44,0,3,0.0,-1
44,0,4,0.0,-1
44,0,5,0.232,-1
44,1,0,0.0,-1
44,1,1,0.0,-1
44,1,2,0.0,-1
44,1,3,0.0,-1
44,1,4,0.0,-1
44,1,5,0.0,-1
44,2,0,0.0,-1
44,2,1,0.0,-1
44,2,2,0.0,-1
44,2,3,0.0,-1
44,2,4,0.0,-1
44,2,5,0.0,-1
45,0,0,0.048,-1
45,0,1,0.464,-1
45,0,2,0.133,-1
45,0,3,0.0,-1
45,0,4,0.0,-1
45,0,5,0.355,-1
45,1,0,0.0,-1
45,1,1,0.0,-1
45,1,2,0.0,-1
45,1,3,0.0,-1
45,1,4,0.0,-1
45,1,5,0.0,-1
45,2,0,0.0,-1
45,2,1,0.0,-1
45,2,2,0.0,-1
45,2,3,0.0,-1
45,2,4,0.0,-1
45,2,5,0.0,-1
46,0,0,0.173,-1
46,0,1,0.254,-1
46,0,2,0.179,-1
46,0,3,0.005,-1
46,0,4,0.165,-1
46,0,5,0.224,-1
46,1,0,0.0,-1
46,1,1,0.0,-1
46,1,2,0.0,-1
46,1,3,0.0,-1
46,1,4,0.0,-1
46,1,5,0.0,-1
46,2,0,0.0,-1
46,2,1,0.0,-1
46,2,2,0.0,-1
46,2,3,0.0,-1
46,2,4,0.0,-1
46,2,5,0.0,-1
47,0,0,0.284,-1
47,0,1,0.0,-1
47,0,2,0.0,-1
47,0,3,0.002,-1
47,0,4,0.598,-1
47,0,5,0.116,-1
47,1,0,0.0,-1
47,1,1,0.0,-1
47,1,2,0.0,-1
47,1,3,0.0,-1
47,1,4,0.0,-1
47,1,5,0.0,-1
47,2,0,0.0,-1
47,2,1,0.0,-1
47,2,2,0.0,-1
47,2,3,0.0,-1
47,2,4,0.0,-1
47,2,5,0.0,-1
48,0,0,0.237,-1
48,0,1,0.0,-1
48,0,2,0.0,-1
48,0,3,0.007,-1
48,0,4,0.643,-1
48,0,5,0.113,-1
48,1,0,0.0,-1
48,1,1,0.0,-1
48,1,2,0.0,-1
48,1,3,0.0,-1
48,1,4,0.0,-1
48,1,5,0.0,-1
48,2,0,0.0,-1
48,2,1,0.0,-1
48,2,2,0.0,-1
48,2,3,0.0,-1
48,2,4,0.0,-1
48,2,5,0.0,-1
49,0,0,0.01,-1
49,0,1,0.348,-1
49,0,2,0.268,-1
49,0,3,0.002,-1
49,0,4,0.103,-1
49,0,5,0.269,-1
49,1,0,0.0,-1
49,1,1,0.0,-1
49,1,2,0.0,-1
49,1,3,0.0,-1
49,1,4,0.0,-1
49,1,5,0.0,-1
49,2,0,0.0,-1
49,2,1,0.0,-1
49,2,2,0.0,-1
49,2,3,0.0,-1
49,2,4,0.0,-1
49,2,5,0.0,-1
50,0,0,0.281,-1
50,0,1,0.0,-1
50,0,2,0.009,-1
50,0,3,0.006,-1
50,0,4,0.605,-1
50,0,5,0.099,-1
50,1,0,0.0,-1
50,1,1,0.0,-1
50,1,2,0.0,-1
50,1,3,0.0,-1
50,1,4,0.0,-1
50,1,5,0.0,-1
50,2,0,0.0,-1
50,2,1,0.0,-1
50,2,2,0.0,-1
50,2,3,0.0,-1
50,2,4,0.0,-1
50,2,5,0.0,-1
51,0,0,0.229,-1
51,0,1,0.0,-1
51,0,2,0.0,-1
51,0,3,0.005,-1
51,0,4,0.691,-1
51,0,5,0.075,-1
51,1,0,0.0,-1
51,1,1,0.0,-1
51,1,2,0.0,-1
51,1,3,0.0,-1
51,1,4,0.0,-1
51,1,5,0.0,-1
51,2,0,0.0,-1
51,2,1,0.0,-1
51,2,2,0.0,-1
51,2,3,0.0,-1
51,2,4,0.0,-1
51,2,5,0.0,-1
52,0,0,0.22,-1
52,0,1,0.0,-1
52,0,2,0.023,-1
52,0,3,0.095,-1
52,0,4,0.635,-1
52,0,5,0.027,-1
52,1,0,0.0,-1
52,1,1,0.0,-1
52,1,2,0.0,-1
52,1,3,0.0,-1
52,1,4,0.0,-1
52,1,5,0.0,-1
52,2,0,0.0,-1
52,2,1,0.0,-1
52,2,2,0.0,-1
52,2,3,0.0,-1
52,2,4,0.0,-1
52,2,5,0.0,-1
53,0,0,0.005,-1
53,0,1,0.0,-1
53,0,2,0.278,-1
53,0,3,0.043,-1
53,0,4,0.609,-1
53,0,5,0.065,-1
53,1,0,0.0,-1
53,1,1,0.0,-1
53,1,2,0.0,-1
53,1,3,0.0,-1
53,1,4,0.0,-1
53,1,5,0.0,-1
53,2,0,0.0,-1
53,2,1,0.0,-1
53,2,2,0.0,-1
53,2,3,0.0,-1
53,2,4,0.0,-1
53,2,5,0.0,-1
54,0,0,0.013,-1
54,0,1,0.0,-1
54,0,2,0.17,-1
54,0,3,0.002,-1
54,0,4,0.727,-1
54,0,5,0.088,-1
54,1,0,0.0,-1
54,1,1,0.0,-1
54,1,2,0.0,-1
54,1,3,0.0,-1
54,1,4,0.0,-1
54,1,5,0.0,-1
54,2,0,0.0,-1
54,2,1,0.0,-1
54,2,2,0.0,-1
54,2,3,0.0,-1
54,2,4,0.0,-1
54,2,5,0.0,-1
55,0,0,0.004,-1
55,0,1,0.0,-1
55,0,2,0.19,-1
55,0,3,0.002,-1
55,0,4,0.703,-1
55,0,5,0.101,-1
55,1,0,0.0,-1
55,1,1,0.0,-1
55,1,2,0.0,-1
55,1,3,0.0,-1
55,1,4,0.0,-1
55,1,5,0.0,-1
55,2,0,0.0,-1
55,2,1,0.0,-1
55,2,2,0.0,-1
55,2,3,0.0,-1
55,2,4,0.0,-1
55,2,5,0.0,-1
56,0,0,0.049,-1
56,0,1,0.0,-1
56,0,2,0.144,-1
56,0,3,0.018,-1
56,0,4,0.716,-1
56,0,5,0.073,-1
56,1,0,0.0,-1
56,1,1,0.0,-1
56,1,2,0.0,-1
56,1,3,0.0,-1
56,1,4,0.0,-1
56,1,5,0.0,-1
56,2,0,0.0,-1
56,2,1,0.0,-1
56,2,2,0.0,-1
56,2,3,0.0,-1
56,2,4,0.0,-1
56,2,5,0.0,-1
57,0,0,0.261,-1
57,0,1,0.0,-1
57,0,2,0.0,-1
57,0,3,0.024,-1
57,0,4,0.671,-1
57,0,5,0.044,-1
57,1,0,0.0,-1
57,1,1,0.0,-1
57,1,2,0.0,-1
57,1,3,0.0,-1
57,1,4,0.0,-1
57,1,5,0.0,-1
57,2,0,0.0,-1
57,2,1,0.0,-1
57,2,2,0.0,-1
57,2,3,0.0,-1
57,2,4,0.0,-1
57,2,5,0.0,-1
58,0,0,0.486,-1
58,0,1,0.011,-1
58,0,2,0.0,-1
58,0,3,0.101,-1
58,0,4,0.391,-1
58,0,5,0.011,-1
58,1,0,0.0,-1
58,1,1,0.0,-1
58,1,2,0.0,-1
58,1,3,0.0,-1
58,1,4,0.0,-1
58,1,5,0.0,-1
58,2,0,0.0,-1
58,2,1,0.0,-1
58,2,2,0.0,-1
58,2,3,0.0,-1
58,2,4,0.0,-1
58,2,5,0.0,-1
59,0,0,0.15,-1
59,0,1,0.0,-1
59,0,2,0.038,-1
59,0,3,0.007,-1
59,0,4,0.734,-1
59,0,5,0.071,-1
59,1,0,0.0,-1
59,1,1,0.0,-1
59,1,2,0.0,-1
59,1,3,0.0,-1
59,1,4,0.0,-1
59,1,5,0.0,-1
59,2,0,0.0,-1
59,2,1,0.0,-1
59,2,2,0.0,-1
59,2,3,0.0,-1
59,2,4,0.0,-1
59,2,5,0.0,-1
60,0,0,0.085,-1
60,0,1,0.0,-1
60,0,2,0.108,-1
60,0,3,0.051,-1
60,0,4,0.727,-1
60,0,5,0.029,-1
60,1,0,0.0,-1
60,1,1,0.0,-1
60,1,2,0.0,-1
60,1,3,0.0,-1
60,1,4,0.0,-1
60,1,5,0.0,-1
60,2,0,0.0,-1
60,2,1,0.0,-1
60,2,2,0.0,-1
60,2,3,0.0,-1
60,2,4,0.0,-1
60,2,5,0.0,-1
61,0,0,0.143,-1
61,0,1,0.0,-1
61,0,2,0.051,-1
61,0,3,0.057,-1
61,0,4,0.723,-1
61,0,5,0.026,-1
61,1,0,0.0,-1
61,1,1,0.0,-1
61,1,2,0.0,-1
61,1,3,0.0,-1
61,1,4,0.0,-1
61,1,5,0.0,-1
61,2,0,0.0,-1
61,2,1,0.0,-1
61,2,2,0.0,-1
61,2,3,0.0,-1
61,2,4,0.0,-1
61,2,5,0.0,-1
62,0,0,0.253,-1
62,0,1,0.0,-1
62,0,2,0.0,-1
62,0,3,0.058,-1
62,0,4,0.667,-1
62,0,5,0.022,-1
62,1,0,0.0,-1
62,1,1,0.0,-1
62,1,2,0.0,-1
62,1,3,0.0,-1
62,1,4,0.0,-1
62,1,5,0.0,-1
62,2,0,0.0,-1
62,2,1,0.0,-1
62,2,2,0.0,-1
62,2,3,0.0,-1
62,2,4,0.0,-1
62,2,5,0.0,-1
63,0,0,0.026,-1
63,0,1,0.0,-1
63,0,2,0.185,-1
63,0,3,0.053,-1
63,0,4,0.673,-1
63,0,5,0.063,-1
63,1,0,0.0,-1
63,1,1,0.0,-1
63,1,2,0.0,-1
63,1,3,0.0,-1
63,1,4,0.0,-1
63,1,5,0.0,-1
63,2,0,0.0,-1
63,2,1,0.0,-1
63,2,2,0.0,-1
63,2,3,0.0,-1
63,2,4,0.0,-1
63,2,5,0.0,-1
64,0,0,0.036,-1
64,0,1,0.0,-1
64,0,2,0.144,-1
64,0,3,0.0,-1
64,0,4,0.701,-1
64,0,5,0.119,-1
64,1,0,0.0,-1
64,1,1,0.0,-1
64,1,2,0.0,-1
64,1,3,0.0,-1
64,1,4,0.0,-1
64,1,5,0.0,-1
64,2,0,0.0,-1
64,2,1,0.0,-1
64,2,2,0.0,-1
64,2,3,0.0,-1
64,2,4,0.0,-1
64,2,5,0.0,-1
65,0,0,0.031,-1
65,0,1,0.0,-1
65,0,2,0.15,-1
65,0,3,0.0,-1
65,0,4,0.692,-1
65,0,5,0.127,-1
65,1,0,0.0,-1
65,1,1,0.0,-1
65,1,2,0.0,-1
65,1,3,0.0,-1
65,1,4,0.0,-1
65,1,5,0.0,-1
65,2,0,0.0,-1
65,2,1,0.0,-1
65,2,2,0.0,-1
65,2,3,0.0,-1
65,2,4,0.0,-1
65,2,5,0.0,-1
66,0,0,0.008,-1
66,0,1,0.016,-1
66,0,2,0.333,-1
66,0,3,0.0,-1
66,0,4,0.464,-1
66,0,5,0.179,-1
66,1,0,0.0,-1
66,1,1,0.0,-1
66,1,2,0.0,-1
66,1,3,0.0,-1
66,1,4,0.0,-1
66,1,5,0.0,-1
66,2,0,0.0,-1
66,2,1,0.0,-1
66,2,2,0.0,-1
66,2,3,0.0,-1
66,2,4,0.0,-1
66,2,5,0.0,-1
67,0,0,0.248,-1
67,0,1,0.0,-1
67,0,2,0.001,-1
67,0,3,0.042,-1
67,0,4,0.686,-1
67,0,5,0.023,-1
67,1,0,0.0,-1
67,1,1,0.0,-1
67,1,2,0.0,-1
67,1,3,0.0,-1
67,1,4,0.0,-1
67,1,5,0.0,-1
67,2,0,0.0,-1
67,2,1,0.0,-1
67,2,2,0.0,-1
67,2,3,0.0,-1
67,2,4,0.0,-1
67,2,5,0.0,-1
68,0,0,0.263,-1
68,0,1,0.0,-1
68,0,2,0.0,-1
68,0,3,0.021,-1
68,0,4,0.668,-1
68,0,5,0.048,-1
68,1,0,0.0,-1
68,1,1,0.0,-1
68,1,2,0.0,-1
68,1,3,0.0,-1
68,1,4,0.0,-1
68,1,5,0.0,-1
68,2,0,0.0,-1
68,2,1,0.0,-1
68,2,2,0.0,-1
68,2,3,0.0,-1
68,2,4,0.0,-1
68,2,5,0.0,-1
69,0,0,0.307,-1
69,0,1,0.0,-1
69,0,2,0.0,-1
69,0,3,0.013,-1
69,0,4,0.463,-1
69,0,5,0.217,-1
69,1,0,0.0,-1
69,1,1,0.0,-1
69,1,2,0.0,-1
69,1,3,0.0,-1
69,1,4,0.0,-1
69,1,5,0.0,-1
69,2,0,0.0,-1
69,2,1,0.0,-1
69,2,2,0.0,-1
69,2,3,0.0,-1
69,2,4,0.0,-1
69,2,5,0.0,-1
70,0,0,0.217,-1
70,0,1,0.0,-1
70,0,2,0.003,-1
70,0,3,0.0,-1
70,0,4,0.405,-1
70,0,5,0.375,-1
70,1,0,0.0,-1
70,1,1,0.0,-1
70,1,2,0.0,-1
70,1,3,0.0,-1
70,1,4,0.0,-1
70,1,5,0.0,-1
70,2,0,0.0,-1
70,2,1,0.0,-1
70,2,2,0.0,-1
70,2,3,0.0,-1
70,2,4,0.0,-1
70,2,5,0.0,-1
71,0,0,0.189,-1
71,0,1,0.0,-1
71,0,2,0.013,-1
71,0,3,0.0,-1
71,0,4,0.429,-1
71,0,5,0.369,-1
71,1,0,0.0,-1
71,1,1,0.0,-1
71,1,2,0.0,-1
71,1,3,0.0,-1
71,1,4,0.0,-1
71,1,5,0.0,-1
71,2,0,0.0,-1
71,2,1,0.0,-1
71,2,2,0.0,-1
71,2,3,0.0,-1
71,2,4,0.0,-1
71,2,5,0.0,-1
72,0,0,0.225,-1
72,0,1,0.0,-1
72,0,2,0.01,-1
72,0,3,0.006,-1
72,0,4,0.515,-1
72,0,5,0.244,-1
72,1,0,0.0,-1
72,1,1,0.0,-1
72,1,2,0.0,-1
72,1,3,0.0,-1
72,1,4,0.0,-1
72,1,5,0.0,-1
72,2,0,0.0,-1
72,2,1,0.0,-1
72,2,2,0.0,-1
72,2,3,0.0,-1
72,2,4,0.0,-1
72,2,5,0.0,-1
73,0,0,0.241,-1
73,0,1,0.0,-1
73,0,2,0.0,-1
73,0,3,0.024,-1
73,0,4,0.7,-1
73,0,5,0.035,-1
73,1,0,0.0,-1
73,1,1,0.0,-1
73,1,2,0.0,-1
73,1,3,0.0,-1
73,1,4,0.0,-1
73,1,5,0.0,-1
73,2,0,0.0,-1
73,2,1,0.0,-1
73,2,2,0.0,-1
73,2,3,0.0,-1
73,2,4,0.0,-1
73,2,5,0.0,-1
74,0,0,0.216,-1
74,0,1,0.0,-1
74,0,2,0.0,-1
74,0,3,0.012,-1
74,0,4,0.726,-1
74,0,5,0.046,-1
74,1,0,0.0,-1
74,1,1,0.0,-1
74,1,2,0.0,-1
74,1,3,0.0,-1
74,1,4,0.0,-1
74,1,5,0.0,-1
74,2,0,0.0,-1
74,2,1,0.0,-1
74,2,2,0.0,-1
74,2,3,0.0,-1
74,2,4,0.0,-1
74,2,5,0.0,-1
75,0,0,0.226,-1
75,0,1,0.0,-1
75,0,2,0.0,-1
75,0,3,0.017,-1
75,0,4,0.714,-1
75,0,5,0.043,-1
75,1,0,0.0,-1
75,1,1,0.0,-1
75,1,2,0.0,-1
75,1,3,0.0,-1
75,1,4,0.0,-1
75,1,5,0.0,-1
75,2,0,0.0,-1
75,2,1,0.0,-1
75,2,2,0.0,-1
75,2,3,0.0,-1
75,2,4,0.0,-1
75,2,5,0.0,-1
76,0,0,0.235,-1
76,0,1,0.0,-1
76,0,2,0.0,-1
76,0,3,0.02,-1
76,0,4,0.706,-1
76,0,5,0.039,-1
76,1,0,0.0,-1
76,1,1,0.0,-1
76,1,2,0.0,-1
76,1,3,0.0,-1
76,1,4,0.0,-1
76,1,5,0.0,-1
76,2,0,0.0,-1
76,2,1,0.0,-1
76,2,2,0.0,-1
76,2,3,0.0,-1
76,2,4,0.0,-1
76,2,5,0.0,-1
77,0,0,0.229,-1
77,0,1,0.0,-1
77,0,2,0.0,-1
77,0,3,0.019,-1
77,0,4,0.712,-1
77,0,5,0.04,-1
77,1,0,0.0,-1
77,1,1,0.0,-1
77,1,2,0.0,-1
77,1,3,0.0,-1
77,1,4,0.0,-1
77,1,5,0.0,-1
77,2,0,0.0,-1
77,2,1,0.0,-1
77,2,2,0.0,-1
77,2,3,0.0,-1
77,2,4,0.0,-1
77,2,5,0.0,-1
78,0,0,0.23,-1
78,0,1,0.0,-1
78,0,2,0.0,-1
78,0,3,0.018,-1
78,0,4,0.71,-1
78,0,5,0.042,-1
78,1,0,0.0,-1
78,1,1,0.0,-1
78,1,2,0.0,-1
78,1,3,0.0,-1
78,1,4,0.0,-1
78,1,5,0.0,-1
78,2,0,0.0,-1
78,2,1,0.0,-1
78,2,2,0.0,-1
78,2,3,0.0,-1
78,2,4,0.0,-1
78,2,5,0.0,-1
79,0,0,0.231,-1
79,0,1,0.0,-1
79,0,2,0.0,-1
79,0,3,0.017,-1
79,0,4,0.709,-1
79,0,5,0.043,-1
79,1,0,0.0,-1
79,1,1,0.0,-1
79,1,2,0.0,-1
79,1,3,0.0,-1
79,1,4,0.0,-1
79,1,5,0.0,-1
79,2,0,0.0,-1
79,2,1,0.0,-1
79,2,2,0.0,-1
79,2,3,0.0,-1
79,2,4,0.0,-1
79,2,5,0.0,-1
80,0,0,0.231,-1
80,0,1,0.0,-1
80,0,2,0.0,-1
80,0,3,0.018,-1
80,0,4,0.708,-1
80,0,5,0.043,-1
80,1,0,0.0,-1
80,1,1,0.0,-1
80,1,2,0.0,-1
80,1,3,0.0,-1
80,1,4,0.0,-1
80,1,5,0.0,-1
80,2,0,0.0,-1
80,2,1,0.0,-1
80,2,2,0.0,-1
80,2,3,0.0,-1
80,2,4,0.0,-1
80,2,5,0.0,-1
81,0,0,0.281,-1
81,0,1,0.0,-1
81,0,2,0.0,-1
81,0,3,0.036,-1
81,0,4,0.648,-1
81,0,5,0.035,-1
81,1,0,0.0,-1
81,1,1,0.0,-1
81,1,2,0.0,-1
81,1,3,0.0,-1
81,1,4,0.0,-1
81,1,5,0.0,-1
81,2,0,0.0,-1
81,2,1,0.0,-1
81,2,2,0.0,-1
81,2,3,0.0,-1
81,2,4,0.0,-1
81,2,5,0.0,-1
82,0,0,0.422,-1
82,0,1,0.0,-1
82,0,2,0.0,-1
82,0,3,0.12,-1
82,0,4,0.455,-1
82,0,5,0.003,-1
82,1,0,0.0,-1
82,1,1,0.0,-1
82,1,2,0.0,-1
82,1,3,0.0,-1
82,1,4,0.0,-1
82,1,5,0.0,-1
82,2,0,0.0,-1
82,2,1,0.0,-1
82,2,2,0.0,-1
82,2,3,0.0,-1
82,2,4,0.0,-1
82,2,5,0.0,-1
83,0,0,0.408,-1
83,0,1,0.0,-1
83,0,2,0.0,-1
83,0,3,0.123,-1
83,0,4,0.467,-1
83,0,5,0.002,-1
83,1,0,0.0,-1
83,1,1,0.0,-1
83,1,2,0.0,-1
83,1,3,0.0,-1
83,1,4,0.0,-1
83,1,5,0.0,-1
83,2,0,0.0,-1
83,2,1,0.0,-1
83,2,2,0.0,-1
83,2,3,0.0,-1
83,2,4,0.0,-1
83,2,5,0.0,-1
84,0,0,0.242,-1
84,0,1,0.0,-1
84,0,2,0.0,-1
84,0,3,0.021,-1
84,0,4,0.694,-1
84,0,5,0.043,-1
84,1,0,0.0,-1
84,1,1,0.0,-1
84,1,2,0.0,-1
84,1,3,0.0,-1
84,1,4,0.0,-1
84,1,5,0.0,-1
84,2,0,0.0,-1
84,2,1,0.0,-1
84,2,2,0.0,-1
84,2,3,0.0,-1
84,2,4,0.0,-1
84,2,5,0.0,-1
85,0,0,0.212,-1
85,0,1,0.0,-1
85,0,2,0.0,-1
85,0,3,0.008,-1
85,0,4,0.725,-1
85,0,5,0.055,-1
85,1,0,0.0,-1
85,1,1,0.0,-1
85,1,2,0.0,-1
85,1,3,0.0,-1
85,1,4,0.0,-1
85,1,5,0.0,-1
85,2,0,0.0,-1
85,2,1,0.0,-1
85,2,2,0.0,-1
85,2,3,0.0,-1
85,2,4,0.0,-1
85,2,5,0.0,-1
86,0,0,0.228,-1
86,0,1,0.0,-1
86,0,2,0.0,-1
86,0,3,0.013,-1
86,0,4,0.708,-1
86,0,5,0.051,-1
86,1,0,0.0,-1
86,1,1,0.0,-1
86,1,2,0.0,-1
86,1,3,0.0,-1
86,1,4,0.0,-1
86,1,5,0.0,-1
86,2,0,0.0,-1
86,2,1,0.0,-1
86,2,2,0.0,-1
86,2,3,0.0,-1
86,2,4,0.0,-1
86,2,5,0.0,-1
87,0,0,0.242,-1
87,0,1,0.0,-1
87,0,2,0.0,-1
87,0,3,0.018,-1
87,0,4,0.694,-1
87,0,5,0.046,-1
87,1,0,0.0,-1
87,1,1,0.0,-1
87,1,2,0.0,-1
87,1,3,0.0,-1
87,1,4,0.0,-1
87,1,5,0.0,-1
87,2,0,0.0,-1
87,2,1,0.0,-1
87,2,2,0.0,-1
87,2,3,0.0,-1
87,2,4,0.0,-1
87,2,5,0.0,-1
88,0,0,0.232,-1
88,0,1,0.0,-1
88,0,2,0.0,-1
88,0,3,0.015,-1
88,0,4,0.706,-1
88,0,5,0.047,-1
88,1,0,0.0,-1
88,1,1,0.0,-1
88,1,2,0.0,-1
88,1,3,0.0,-1
88,1,4,0.0,-1
88,1,5,0.0,-1
88,2,0,0.0,-1
88,2,1,0.0,-1
88,2,2,0.0,-1
88,2,3,0.0,-1
88,2,4,0.0,-1
88,2,5,0.0,-1
89,0,0,0.401,-1
89,0,1,0.0,-1
89,0,2,0.0,-1
89,0,3,0.012,-1
89,0,4,0.484,-1
89,0,5,0.103,-1
89,1,0,0.0,-1
89,1,1,0.0,-1
89,1,2,0.0,-1
89,1,3,0.0,-1
89,1,4,0.0,-1
89,1,5,0.0,-1
89,2,0,0.0,-1
89,2,1,0.0,-1
89,2,2,0.0,-1
89,2,3,0.0,-1
89,2,4,0.0,-1
89,2,5,0.0,-1
90,0,0,0.433,-1
90,0,1,0.0,-1
90,0,2,0.0,-1
90,0,3,0.001,-1
90,0,4,0.425,-1
90,0,5,0.141,-1
90,1,0,0.0,-1
90,1,1,0.0,-1
90,1,2,0.0,-1
90,1,3,0.0,-1
90,1,4,0.0,-1
90,1,5,0.0,-1
90,2,0,0.0,-1
90,2,1,0.0,-1
90,2,2,0.0,-1
90,2,3,0.0,-1
90,2,4,0.0,-1
90,2,5,0.0,-1
91,0,0,0.44,-1
91,0,1,0.0,-1
91,0,2,0.0,-1
91,0,3,0.001,-1
91,0,4,0.448,-1
91,0,5,0.111,-1
91,1,0,0.0,-1
91,1,1,0.0,-1
91,1,2,0.0,-1
91,1,3,0.0,-1
91,1,4,0.0,-1
91,1,5,0.0,-1
91,2,0,0.0,-1
91,2,1,0.0,-1
91,2,2,0.0,-1
91,2,3,0.0,-1
91,2,4,0.0,-1
91,2,5,0.0,-1
92,0,0,0.357,-1
92,0,1,0.0,-1
92,0,2,0.0,-1
92,0,3,0.01,-1
92,0,4,0.545,-1
92,0,5,0.088,-1
92,1,0,0.0,-1
92,1,1,0.0,-1
92,1,2,0.0,-1
92,1,3,0.0,-1
92,1,4,0.0,-1
92,1,5,0.0,-1
92,2,0,0.0,-1
92,2,1,0.0,-1
92,2,2,0.0,-1
92,2,3,0.0,-1
92,2,4,0.0,-1
92,2,5,0.0,-1
93,0,0,0.236,-1
93,0,1,0.0,-1
93,0,2,0.0,-1
93,0,3,0.012,-1
93,0,4,0.696,-1
93,0,5,0.056,-1
93,1,0,0.0,-1
93,1,1,0.0,-1
93,1,2,0.0,-1
93,1,3,0.0,-1
93,1,4,0.0,-1
93,1,5,0.0,-1
93,2,0,0.0,-1
93,2,1,0.0,-1
93,2,2,0.0,-1
93,2,3,0.0,-1
93,2,4,0.0,-1
93,2,5,0.0,-1
94,0,0,0.216,-1
94,0,1,0.0,-1
94,0,2,0.0,-1
94,0,3,0.011,-1
94,0,4,0.724,-1
94,0,5,0.049,-1
94,1,0,0.0,-1
94,1,1,0.0,-1
94,1,2,0.0,-1
94,1,3,0.0,-1
94,1,4,0.0,-1
94,1,5,0.0,-1
94,2,0,0.0,-1
94,2,1,0.0,-1
94,2,2,0.0,-1
94,2,3,0.0,-1
94,2,4,0.0,-1
94,2,5,0.0,-1
95,0,0,0.338,-1
95,0,1,0.0,-1
95,0,2,0.0,-1
95,0,3,0.009,-1
95,0,4,0.558,-1
95,0,5,0.095,-1
95,1,0,0.0,-1
95,1,1,0.0,-1
95,1,2,0.0,-1
95,1,3,0.0,-1
95,1,4,0.0,-1
95,1,5,0.0,-1
95,2,0,0.0,-1
95,2,1,0.0,-1
95,2,2,0.0,-1
95,2,3,0.0,-1
95,2,4,0.0,-1
95,2,5,0.0,-1
96,0,0,0.265,-1
96,0,1,0.0,-1
96,0,2,0.0,-1
96,0,3,0.003,-1
96,0,4,0.64,-1
96,0,5,0.092,-1
96,1,0,0.0,-1
96,1,1,0.0,-1
96,1,2,0.0,-1
96,1,3,0.0,-1
96,1,4,0.0,-1
96,1,5,0.0,-1
96,2,0,0.0,-1
96,2,1,0.0,-1
96,2,2,0.0,-1
96,2,3,0.0,-1
96,2,4,0.0,-1
96,2,5,0.0,-1
97,0,0,0.203,-1
97,0,1,0.0,-1
97,0,2,0.0,-1
97,0,3,0.005,-1
97,0,4,0.727,-1
97,0,5,0.065,-1
97,1,0,0.0,-1
97,1,1,0.0,-1
97,1,2,0.0,-1
97,1,3,0.0,-1
97,1,4,0.0,-1
97,1,5,0.0,-1
97,2,0,0.0,-1
97,2,1,0.0,-1
97,2,2,0.0,-1
97,2,3,0.0,-1
97,2,4,0.0,-1
97,2,5,0.0,-1
98,0,0,0.203,-1
98,0,1,0.0,-1
98,0,2,0.0,-1
98,0,3,0.006,-1
98,0,4,0.732,-1
98,0,5,0.059,-1
98,1,0,0.0,-1
98,1,1,0.0,-1
98,1,2,0.0,-1
98,1,3,0.0,-1
98,1,4,0.0,-1
98,1,5,0.0,-1
98,2,0,0.0,-1
98,2,1,0.0,-1
98,2,2,0.0,-1
98,2,3,0.0,-1
98,2,4,0.0,-1
98,2,5,0.0,-1
99,0,0,0.197,-1
99,0,1,0.0,-1
99,0,2,0.0,-1
99,0,3,0.004,-1
99,0,4,0.73,-1
99,0,5,0.069,-1
99,1,0,0.0,-1
99,1,1,0.0,-1
99,1,2,0.0,-1
99,1,3,0.0,-1
99,1,4,0.0,-1
99,1,5,0.0,-1
99,2,0,0.0,-1
99,2,1,0.0,-1
99,2,2,0.0,-1
99,2,3,0.0,-1
99,2,4,0.0,-1
99,2,5,0.0,-1
100,0,0,0.156,-1
100,0,1,0.0,-1
100,0,2,0.027,-1
100,0,3,0.001,-1
100,0,4,0.731,-1
100,0,5,0.085,-1
100,1,0,0.0,-1
100,1,1,0.0,-1
100,1,2,0.0,-1
100,1,3,0.0,-1
100,1,4,0.0,-1
100,1,5,0.0,-1
100,2,0,0.0,-1
100,2,1,0.0,-1
100,2,2,0.0,-1
100,2,3,0.0,-1
100,2,4,0.0,-1
100,2,5,0.0,-1
101,0,0,0.167,-1
101,0,1,0.0,-1
101,0,2,0.019,-1
101,0,3,0.002,-1
101,0,4,0.735,-1
101,0,5,0.077,-1
101,1,0,0.0,-1
101,1,1,0.0,-1
101,1,2,0.0,-1
101,1,3,0.0,-1
101,1,4,0.0,-1
101,1,5,0.0,-1
101,2,0,0.0,-1
101,2,1,0.0,-1
101,2,2,0.0,-1
101,2,3,0.0,-1
101,2,4,0.0,-1
101,2,5,0.0,-1
102,0,0,0.182,-1
102,0,1,0.0,-1
102,0,2,0.035,-1
102,0,3,0.086,-1
102,0,4,0.68,-1
102,0,5,0.017,-1
102,1,0,0.0,-1
102,1,1,0.0,-1
102,1,2,0.0,-1
102,1,3,0.0,-1
102,1,4,0.0,-1
102,1,5,0.0,-1
102,2,0,0.0,-1
102,2,1,0.0,-1
102,2,2,0.0,-1
102,2,3,0.0,-1
102,2,4,0.0,-1
102,2,5,0.0,-1
103,0,0,0.028,-1
103,0,1,0.0,-1
103,0,2,0.151,-1
103,0,3,0.1,-1
103,0,4,0.698,-1
103,0,5,0.023,-1
103,1,0,0.0,-1
103,1,1,0.0,-1
103,1,2,0.0,-1
103,1,3,0.0,-1
103,1,4,0.0,-1
103,1,5,0.0,-1
103,2,0,0.0,-1
103,2,1,0.0,-1
103,2,2,0.0,-1
103,2,3,0.0,-1
103,2,4,0.0,-1
103,2,5,0.0,-1
104,0,0,0.028,-1
104,0,1,0.0,-1
104,0,2,0.155,-1
104,0,3,0.002,-1
104,0,4,0.715,-1
104,0,5,0.1,-1
104,1,0,0.0,-1
104,1,1,0.0,-1
104,1,2,0.0,-1
104,1,3,0.0,-1
104,1,4,0.0,-1
104,1,5,0.0,-1
104,2,0,0.0,-1
104,2,1,0.0,-1
104,2,2,0.0,-1
104,2,3,0.0,-1
104,2,4,0.0,-1
104,2,5,0.0,-1
105,0,0,0.034,-1
105,0,1,0.0,-1
105,0,2,0.145,-1
105,0,3,0.0,-1
105,0,4,0.729,-1
105,0,5,0.092,-1
105,1,0,0.0,-1
105,1,1,0.0,-1
105,1,2,0.0,-1
105,1,3,0.0,-1
105,1,4,0.0,-1
105,1,5,0.0,-1
105,2,0,0.0,-1
105,2,1,0.0,-1
105,2,2,0.0,-1
105,2,3,0.0,-1
105,2,4,0.0,-1
105,2,5,0.0,-1
106,0,0,0.034,-1
106,0,1,0.0,-1
106,0,2,0.146,-1
106,0,3,0.0,-1
106,0,4,0.732,-1
106,0,5,0.088,-1
106,1,0,0.0,-1
106,1,1,0.0,-1
106,1,2,0.0,-1
106,1,3,0.0,-1
106,1,4,0.0,-1
106,1,5,0.0,-1
106,2,0,0.0,-1
106,2,1,0.0,-1
106,2,2,0.0,-1
106,2,3,0.0,-1
106,2,4,0.0,-1
106,2,5,0.0,-1
107,0,0,0.031,-1
107,0,1,0.0,-1
107,0,2,0.15,-1
107,0,3,0.0,-1
107,0,4,0.728,-1
107,0,5,0.091,-1
107,1,0,0.0,-1
107,1,1,0.0,-1
107,1,2,0.0,-1
107,1,3,0.0,-1
107,1,4,0.0,-1
107,1,5,0.0,-1
107,2,0,0.0,-1
107,2,1,0.0,-1
107,2,2,0.0,-1
107,2,3,0.0,-1
107,2,4,0.0,-1
107,2,5,0.0,-1
108,0,0,0.028,-1
108,0,1,0.0,-1
108,0,2,0.152,-1
108,0,3,0.0,-1
108,0,4,0.727,-1
108,0,5,0.093,-1
108,1,0,0.0,-1
108,1,1,0.0,-1
108,1,2,0.0,-1
108,1,3,0.0,-1
108,1,4,0.0,-1
108,1,5,0.0,-1
108,2,0,0.0,-1
108,2,1,0.0,-1
108,2,2,0.0,-1
108,2,3,0.0,-1
108,2,4,0.0,-1
108,2,5,0.0,-1
109,0,0,0.026,0.6
109,0,1,0.0,0.6
109,0,2,0.155,0.6
109,0,3,0.0,0.6
109,0,4,0.725,0.6
109,0,5,0.094,0.6
109,1,0,0.0,0.6
109,1,1,0.0,0.6
109,1,2,0.0,0.6
109,1,3,0.0,0.6
109,1,4,0.0,0.6
109,1,5,0.0,0.6
109,2,0,0.0,0.6
109,2,1,0.0,0.6
109,2,2,0.0,0.6
109,2,3,0.0,0.6
109,2,4,0.0,0.6
109,2,5,0.0,0.6
110,0,0,0.0,-1
110,0,1,0.0,-1
110,0,2,0.0,-1
110,0,3,0.0,-1
110,0,4,0.0,-1
110,0,5,0.0,-1
110,1,0,0.031,-1
110,1,1,0.0,-1
110,1,2,0.149,-1
110,1,3,0.0,-1
110,1,4,0.723,-1
110,1,5,0.097,-1
110,2,0,0.0,-1
110,2,1,0.0,-1
110,2,2,0.0,-1
110,2,3,0.0,-1
110,2,4,0.0,-1
110,2,5,0.0,-1
111,0,0,0.0,-1
111,0,1,0.0,-1
111,0,2,0.0,-1
111,0,3,0.0,-1
111,0,4,0.0,-1
111,0,5,0.0,-1
111,1,0,0.034,-1
111,1,1,0.0,-1
111,1,2,0.146,-1
111,1,3,0.0,-1
111,1,4,0.724,-1
111,1,5,0.096,-1
111,2,0,0.0,-1
111,2,1,0.0,-1
111,2,2,0.0,-1
111,2,3,0.0,-1
111,2,4,0.0,-1
111,2,5,0.0,-1
112,0,0,0.0,-1
112,0,1,0.0,-1
112,0,2,0.0,-1
112,0,3,0.0,-1
112,0,4,0.0,-1
112,0,5,0.0,-1
112,1,0,0.025,-1
112,1,1,0.0,-1
112,1,2,0.156,-1
112,1,3,0.006,-1
112,1,4,0.734,-1
112,1,5,0.079,-1
112,2,0,0.0,-1
112,2,1,0.0,-1
112,2,2,0.0,-1
112,2,3,0.0,-1
112,2,4,0.0,-1
112,2,5,0.0,-1
113,0,0,0.0,-1
113,0,1,0.0,-1
113,0,2,0.0,-1
113,0,3,0.0,-1
113,0,4,0.0,-1
113,0,5,0.0,-1
113,1,0,0.099,-1
113,1,1,0.0,-1
113,1,2,0.075,-1
113,1,3,0.168,-1
113,1,4,0.658,-1
113,1,5,0.0,-1
113,2,0,0.0,-1
113,2,1,0.0,-1
113,2,2,0.0,-1
113,2,3,0.0,-1
113,2,4,0.0,-1
113,2,5,0.0,-1
114,0,0,0.0,-1
114,0,1,0.0,-1
114,0,2,0.0,-1
114,0,3,0.0,-1
114,0,4,0.0,-1
114,0,5,0.0,-1
114,1,0,0.094,-1
114,1,1,0.0,-1
114,1,2,0.08,-1
114,1,3,0.175,-1
114,1,4,0.651,-1
114,1,5,0.0,-1
114,2,0,0.0,-1
114,2,1,0.0,-1
114,2,2,0.0,-1
114,2,3,0.0,-1
114,2,4,0.0,-1
114,2,5,0.0,-1
115,0,0,0.0,-1
115,0,1,0.0,-1
115,0,2,0.0,-1
115,0,3,0.0,-1
115,0,4,0.0,-1
115,0,5,0.0,-1
115,1,0,0.037,-1
115,1,1,0.0,-1
115,1,2,0.145,-1
115,1,3,0.051,-1
115,1,4,0.71,-1
115,1,5,0.057,-1
115,2,0,0.0,-1
115,2,1,0.0,-1
115,2,2,0.0,-1
115,2,3,0.0,-1
115,2,4,0.0,-1
115,2,5,0.0,-1
116,0,0,0.0,-1
116,0,1,0.0,-1
116,0,2,0.0,-1
116,0,3,0.0,-1
116,0,4,0.0,-1
116,0,5,0.0,-1
116,1,0,0.076,-1
116,1,1,0.0,-1
116,1,2,0.115,-1
116,1,3,0.046,-1
116,1,4,0.72,-1
116,1,5,0.043,-1
116,2,0,0.0,-1
116,2,1,0.0,-1
116,2,2,0.0,-1
116,2,3,0.0,-1
116,2,4,0.0,-1
116,2,5,0.0,-1
117,0,0,0.0,-1
117,0,1,0.0,-1
117,0,2,0.0,-1
117,0,3,0.0,-1
117,0,4,0.0,-1
117,0,5,0.0,-1
117,1,0,0.211,-1
117,1,1,0.0,-1
117,1,2,0.003,-1
117,1,3,0.023,-1
117,1,4,0.728,-1
117,1,5,0.035,-1
117,2,0,0.0,-1
117,2,1,0.0,-1
117,2,2,0.0,-1
117,2,3,0.0,-1
117,2,4,0.0,-1
117,2,5,0.0,-1
118,0,0,0.0,-1
118,0,1,0.0,-1
118,0,2,0.0,-1
118,0,3,0.0,-1
118,0,4,0.0,-1
118,0,5,0.0,-1
118,1,0,0.292,-1
118,1,1,0.0,-1
118,1,2,0.0,-1
118,1,3,0.086,-1
118,1,4,0.614,-1
118,1,5,0.008,-1
118,2,0,0.0,-1
118,2,1,0.0,-1
118,2,2,0.0,-1
118,2,3,0.0,-1
118,2,4,0.0,-1
118,2,5,0.0,-1
119,0,0,0.0,-1
119,0,1,0.0,-1
119,0,2,0.0,-1
119,0,3,0.0,-1
119,0,4,0.0,-1
119,0,5,0.0,-1
119,1,0,0.199,-1
119,1,1,0.0,-1
119,1,2,0.016,-1
119,1,3,0.16,-1
119,1,4,0.625,-1
119,1,5,0.0,-1
119,2,0,0.0,-1
119,2,1,0.0,-1
119,2,2,0.0,-1
119,2,3,0.0,-1
119,2,4,0.0,-1
119,2,5,0.0,-1
120,0,0,0.0,-1
120,0,1,0.0,-1
120,0,2,0.0,-1
120,0,3,0.0,-1
120,0,4,0.0,-1
120,0,5,0.0,-1
120,1,0,0.154,-1
120,1,1,0.0,-1
120,1,2,0.03,-1
120,1,3,0.146,-1
120,1,4,0.67,-1
120,1,5,0.0,-1
120,2,0,0.0,-1
120,2,1,0.0,-1
120,2,2,0.0,-1
120,2,3,0.0,-1
120,2,4,0.0,-1
120,2,5,0.0,-1
121,0,0,0.0,-1
121,0,1,0.0,-1
121,0,2,0.0,-1
121,0,3,0.0,-1
121,0,4,0.0,-1
121,0,5,0.0,-1
121,1,0,0.215,-1
121,1,1,0.0,-1
121,1,2,0.005,-1
121,1,3,0.068,-1
121,1,4,0.694,-1
121,1,5,0.018,-1
121,2,0,0.0,-1
121,2,1,0.0,-1
121,2,2,0.0,-1
121,2,3,0.0,-1
121,2,4,0.0,-1
121,2,5,0.0,-1
122,0,0,0.0,-1
122,0,1,0.0,-1
122,0,2,0.0,-1
122,0,3,0.0,-1
122,0,4,0.0,-1
122,0,5,0.0,-1
122,1,0,0.214,-1
122,1,1,0.0,-1
122,1,2,0.0,-1
122,1,3,0.03,-1
122,1,4,0.734,-1
122,1,5,0.022,-1
122,2,0,0.0,-1
122,2,1,0.0,-1
122,2,2,0.0,-1
122,2,3,0.0,-1
122,2,4,0.0,-1
122,2,5,0.0,-1
123,0,0,0.0,0.5666666666666667
123,0,1,0.0,0.5666666666666667
123,0,2,0.0,0.5666666666666667
123,0,3,0.0,0.5666666666666667
123,0,4,0.0,0.5666666666666667
123,0,5,0.0,0.5666666666666667
123,1,0,0.215,0.5666666666666667
123,1,1,0.0,0.5666666666666667
123,1,2,0.0,0.5666666666666667
123,1,3,0.033,0.5666666666666667
123,1,4,0.733,0.5666666666666667
123,1,5,0.019,0.5666666666666667
123,2,0,0.0,0.5666666666666667
123,2,1,0.0,0.5666666666666667
123,2,2,0.0,0.5666666666666667
123,2,3,0.0,0.5666666666666667
123,2,4,0.0,0.5666666666666667
123,2,5,0.0,0.5666666666666667
124,0,0,0.191,-1
124,0,1,0.0,-1
124,0,2,0.02,-1
124,0,3,0.077,-1
124,0,4,0.7,-1
124,0,5,0.012,-1
124,1,0,0.0,-1
124,1,1,0.0,-1
124,1,2,0.0,-1
124,1,3,0.0,-1
124,1,4,0.0,-1
124,1,5,0.0,-1
124,2,0,0.0,-1
124,2,1,0.0,-1
124,2,2,0.0,-1
124,2,3,0.0,-1
124,2,4,0.0,-1
124,2,5,0.0,-1
125,0,0,0.064,-1
125,0,1,0.0,-1
125,0,2,0.109,-1
125,0,3,0.154,-1
125,0,4,0.673,-1
125,0,5,0.0,-1
125,1,0,0.0,-1
125,1,1,0.0,-1
125,1,2,0.0,-1
125,1,3,0.0,-1
125,1,4,0.0,-1
125,1,5,0.0,-1
125,2,0,0.0,-1
125,2,1,0.0,-1
125,2,2,0.0,-1
125,2,3,0.0,-1
125,2,4,0.0,-1
125,2,5,0.0,-1
126,0,0,0.073,-1
126,0,1,0.0,-1
126,0,2,0.097,-1
126,0,3,0.13,-1
126,0,4,0.7,-1
126,0,5,0.0,-1
126,1,0,0.0,-1
126,1,1,0.0,-1
126,1,2,0.0,-1
126,1,3,0.0,-1
126,1,4,0.0,-1
126,1,5,0.0,-1
126,2,0,0.0,-1
126,2,1,0.0,-1
126,2,2,0.0,-1
126,2,3,0.0,-1
126,2,4,0.0,-1
126,2,5,0.0,-1
127,0,0,0.082,-1
127,0,1,0.0,-1
127,0,2,0.089,-1
127,0,3,0.103,-1
127,0,4,0.703,-1
127,0,5,0.023,-1
127,1,0,0.0,-1
127,1,1,0.0,-1
127,1,2,0.0,-1
127,1,3,0.0,-1
127,1,4,0.0,-1
127,1,5,0.0,-1
127,2,0,0.0,-1
127,2,1,0.0,-1
127,2,2,0.0,-1
127,2,3,0.0,-1
127,2,4,0.0,-1
127,2,5,0.0,-1
128,0,0,0.135,-1
128,0,1,0.0,-1
128,0,2,0.051,-1
128,0,3,0.011,-1
128,0,4,0.752,-1
128,0,5,0.051,-1
128,1,0,0.0,-1
128,1,1,0.0,-1
128,1,2,0.0,-1
128,1,3,0.0,-1
128,1,4,0.0,-1
128,1,5,0.0,-1
128,2,0,0.0,-1
128,2,1,0.0,-1
128,2,2,0.0,-1
128,2,3,0.0,-1
128,2,4,0.0,-1
128,2,5,0.0,-1
129,0,0,0.13,-1
129,0,1,0.0,-1
129,0,2,0.052,-1
129,0,3,0.014,-1
129,0,4,0.772,-1
129,0,5,0.032,-1
129,1,0,0.0,-1
129,1,1,0.0,-1
129,1,2,0.0,-1
129,1,3,0.0,-1
129,1,4,0.0,-1
129,1,5,0.0,-1
129,2,0,0.0,-1
129,2,1,0.0,-1
129,2,2,0.0,-1
129,2,3,0.0,-1
129,2,4,0.0,-1
129,2,5,0.0,-1
130,0,0,0.103,-1
130,0,1,0.0,-1
130,0,2,0.072,-1
130,0,3,0.003,-1
130,0,4,0.786,-1
130,0,5,0.036,-1
130,1,0,0.0,-1
130,1,1,0.0,-1
130,1,2,0.0,-1
130,1,3,0.0,-1
130,1,4,0.0,-1
130,1,5,0.0,-1
130,2,0,0.0,-1
130,2,1,0.0,-1
130,2,2,0.0,-1
130,2,3,0.0,-1
130,2,4,0.0,-1
130,2,5,0.0,-1
131,0,0,0.085,-1
131,0,1,0.0,-1
131,0,2,0.088,-1
131,0,3,0.097,-1
131,0,4,0.709,-1
131,0,5,0.021,-1
131,1,0,0.0,-1
131,1,1,0.0,-1
131,1,2,0.0,-1
131,1,3,0.0,-1
131,1,4,0.0,-1
131,1,5,0.0,-1
131,2,0,0.0,-1
131,2,1,0.0,-1
131,2,2,0.0,-1
131,2,3,0.0,-1
131,2,4,0.0,-1
131,2,5,0.0,-1
132,0,0,0.163,-1
132,0,1,0.0,-1
132,0,2,0.024,-1
132,0,3,0.054,-1
132,0,4,0.715,-1
132,0,5,0.044,-1
132,1,0,0.0,-1
132,1,1,0.0,-1
132,1,2,0.0,-1
132,1,3,0.0,-1
132,1,4,0.0,-1
132,1,5,0.0,-1
132,2,0,0.0,-1
132,2,1,0.0,-1
132,2,2,0.0,-1
132,2,3,0.0,-1
132,2,4,0.0,-1
132,2,5,0.0,-1
133,0,0,0.125,-1
133,0,1,0.0,-1
133,0,2,0.063,-1
133,0,3,0.102,-1
133,0,4,0.687,-1
133,0,5,0.023,-1
133,1,0,0.0,-1
133,1,1,0.0,-1
133,1,2,0.0,-1
133,1,3,0.0,-1
133,1,4,0.0,-1
133,1,5,0.0,-1
133,2,0,0.0,-1
133,2,1,0.0,-1
133,2,2,0.0,-1
133,2,3,0.0,-1
133,2,4,0.0,-1
133,2,5,0.0,-1
134,0,0,0.002,-1
134,0,1,0.0,-1
134,0,2,0.208,-1
134,0,3,0.03,-1
134,0,4,0.694,-1
134,0,5,0.066,-1
134,1,0,0.0,-1
134,1,1,0.0,-1
134,1,2,0.0,-1
134,1,3,0.0,-1
134,1,4,0.0,-1
134,1,5,0.0,-1
134,2,0,0.0,-1
134,2,1,0.0,-1
134,2,2,0.0,-1
134,2,3,0.0,-1
134,2,4,0.0,-1
134,2,5,0.0,-1
135,0,0,0.001,-1
135,0,1,0.0,-1
135,0,2,0.206,-1
135,0,3,0.019,-1
135,0,4,0.71,-1
135,0,5,0.064,-1
135,1,0,0.0,-1
135,1,1,0.0,-1
135,1,2,0.0,-1
135,1,3,0.0,-1
135,1,4,0.0,-1
135,1,5,0.0,-1
135,2,0,0.0,-1
135,2,1,0.0,-1
135,2,2,0.0,-1
135,2,3,0.0,-1
135,2,4,0.0,-1
135,2,5,0.0,-1
136,0,0,0.003,-1
136,0,1,0.0,-1
136,0,2,0.204,-1
136,0,3,0.111,-1
136,0,4,0.654,-1
136,0,5,0.028,-1
136,1,0,0.0,-1
136,1,1,0.0,-1
136,1,2,0.0,-1
136,1,3,0.0,-1
136,1,4,0.0,-1
136,1,5,0.0,-1
136,2,0,0.0,-1
136,2,1,0.0,-1
136,2,2,0.0,-1
136,2,3,0.0,-1
136,2,4,0.0,-1
136,2,5,0.0,-1
137,0,0,0.005,-1
137,0,1,0.0,-1
137,0,2,0.194,-1
137,0,3,0.15,-1
137,0,4,0.651,-1
137,0,5,0.0,-1
137,1,0,0.0,-1
137,1,1,0.0,-1
137,1,2,0.0,-1
137,1,3,0.0,-1
137,1,4,0.0,-1
137,1,5,0.0,-1
137,2,0,0.0,-1
137,2,1,0.0,-1
137,2,2,0.0,-1
137,2,3,0.0,-1
137,2,4,0.0,-1
137,2,5,0.0,-1
138,0,0,0.004,-1
138,0,1,0.0,-1
138,0,2,0.196,-1
138,0,3,0.136,-1
138,0,4,0.664,-1
138,0,5,0.0,-1
138,1,0,0.0,-1
138,1,1,0.0,-1
138,1,2,0.0,-1
138,1,3,0.0,-1
138,1,4,0.0,-1
138,1,5,0.0,-1
138,2,0,0.0,-1
138,2,1,0.0,-1
138,2,2,0.0,-1
138,2,3,0.0,-1
138,2,4,0.0,-1
138,2,5,0.0,-1
139,0,0,0.003,-1
139,0,1,0.0,-1
139,0,2,0.202,-1
139,0,3,0.121,-1
139,0,4,0.674,-1
139,0,5,0.0,-1
139,1,0,0.0,-1
139,1,1,0.0,-1
139,1,2,0.0,-1
139,1,3,0.0,-1
139,1,4,0.0,-1
139,1,5,0.0,-1
139,2,0,0.0,-1
139,2,1,0.0,-1
139,2,2,0.0,-1
139,2,3,0.0,-1
139,2,4,0.0,-1
139,2,5,0.0,-1
140,0,0,0.018,-1
140,0,1,0.0,-1
140,0,2,0.182,-1
140,0,3,0.057,-1
140,0,4,0.68,-1
140,0,5,0.063,-1
140,1,0,0.0,-1
140,1,1,0.0,-1
140,1,2,0.0,-1
140,1,3,0.0,-1
140,1,4,0.0,-1
140,1,5,0.0,-1
140,2,0,0.0,-1
140,2,1,0.0,-1
140,2,2,0.0,-1
140,2,3,0.0,-1
140,2,4,0.0,-1
140,2,5,0.0,-1
141,0,0,0.018,0.8666666666666667
141,0,1,0.0,0.8666666666666667
141,0,2,0.164,0.8666666666666667
141,0,3,0.002,0.8666666666666667
141,0,4,0.73,0.8666666666666667
141,0,5,0.086,0.8666666666666667
141,1,0,0.0,0.8666666666666667
141,1,1,0.0,0.8666666666666667
141,1,2,0.0,0.8666666666666667
141,1,3,0.0,0.8666666666666667
141,1,4,0.0,0.8666666666666667
141,1,5,0.0,0.8666666666666667
141,2,0,0.0,0.8666666666666667
141,2,1,0.0,0.8666666666666667
141,2,2,0.0,0.8666666666666667
141,2,3,0.0,0.8666666666666667
141,2,4,0.0,0.8666666666666667
141,2,5,0.0,0.8666666666666667
142,0,0,0.0,-1
142,0,1,0.0,-1
142,0,2,0.0,-1
142,0,3,0.0,-1
142,0,4,0.0,-1
142,0,5,0.0,-1
142,1,0,0.021,-1
142,1,1,0.0,-1
142,1,2,0.163,-1
142,1,3,0.124,-1
142,1,4,0.668,-1
142,1,5,0.024,-1
142,2,0,0.0,-1
142,2,1,0.0,-1
142,2,2,0.0,-1
142,2,3,0.0,-1
142,2,4,0.0,-1
142,2,5,0.0,-1
143,0,0,0.0,-1
143,0,1,0.0,-1
143,0,2,0.0,-1
143,0,3,0.0,-1
143,0,4,0.0,-1
143,0,5,0.0,-1
143,1,0,0.026,-1
143,1,1,0.0,-1
143,1,2,0.155,-1
143,1,3,0.136,-1
143,1,4,0.683,-1
143,1,5,0.0,-1
143,2,0,0.0,-1
143,2,1,0.0,-1
143,2,2,0.0,-1
143,2,3,0.0,-1
143,2,4,0.0,-1
143,2,5,0.0,-1
144,0,0,0.0,-1
144,0,1,0.0,-1
144,0,2,0.0,-1
144,0,3,0.0,-1
144,0,4,0.0,-1
144,0,5,0.0,-1
144,1,0,0.082,-1
144,1,1,0.0,-1
144,1,2,0.096,-1
144,1,3,0.152,-1
144,1,4,0.67,-1
144,1,5,0.0,-1
144,2,0,0.0,-1
144,2,1,0.0,-1
144,2,2,0.0,-1
144,2,3,0.0,-1
144,2,4,0.0,-1
144,2,5,0.0,-1
145,0,0,0.0,-1
145,0,1,0.0,-1
145,0,2,0.0,-1
145,0,3,0.0,-1
145,0,4,0.0,-1
145,0,5,0.0,-1
145,1,0,0.193,-1
145,1,1,0.0,-1
145,1,2,0.021,-1
145,1,3,0.106,-1
145,1,4,0.673,-1
145,1,5,0.007,-1
145,2,0,0.0,-1
145,2,1,0.0,-1
145,2,2,0.0,-1
145,2,3,0.0,-1
145,2,4,0.0,-1
145,2,5,0.0,-1
146,0,0,0.0,-1
146,0,1,0.0,-1
146,0,2,0.0,-1
146,0,3,0.0,-1
146,0,4,0.0,-1
146,0,5,0.0,-1
146,1,0,0.231,-1
146,1,1,0.0,-1
146,1,2,0.0,-1
146,1,3,0.102,-1
146,1,4,0.667,-1
146,1,5,0.0,-1
146,2,0,0.0,-1
146,2,1,0.0,-1
146,2,2,0.0,-1
146,2,3,0.0,-1
146,2,4,0.0,-1
146,2,5,0.0,-1
147,0,0,0.0,-1
147,0,1,0.0,-1
147,0,2,0.0,-1
147,0,3,0.0,-1
147,0,4,0.0,-1
147,0,5,0.0,-1
147,1,0,0.207,-1
147,1,1,0.0,-1
147,1,2,0.006,-1
147,1,3,0.145,-1
147,1,4,0.642,-1
147,1,5,0.0,-1
147,2,0,0.0,-1
147,2,1,0.0,-1
147,2,2,0.0,-1
147,2,3,0.0,-1
147,2,4,0.0,-1
147,2,5,0.0,-1
148,0,0,0.0,-1
148,0,1,0.0,-1
148,0,2,0.0,-1
148,0,3,0.0,-1
148,0,4,0.0,-1
148,0,5,0.0,-1
148,1,0,0.161,-1
148,1,1,0.0,-1
148,1,2,0.027,-1
148,1,3,0.194,-1
148,1,4,0.618,-1
148,1,5,0.0,-1
148,2,0,0.0,-1
148,2,1,0.0,-1
148,2,2,0.0,-1
148,2,3,0.0,-1
148,2,4,0.0,-1
148,2,5,0.0,-1
149,0,0,0.0,-1
149,0,1,0.0,-1
149,0,2,0.0,-1
149,0,3,0.0,-1
149,0,4,0.0,-1
149,0,5,0.0,-1
149,1,0,0.174,-1
149,1,1,0.0,-1
149,1,2,0.022,-1
149,1,3,0.178,-1
149,1,4,0.626,-1
149,1,5,0.0,-1
149,2,0,0.0,-1
149,2,1,0.0,-1
149,2,2,0.0,-1
149,2,3,0.0,-1
149,2,4,0.0,-1
149,2,5,0.0,-1
150,0,0,0.0,-1
150,0,1,0.0,-1
150,0,2,0.0,-1
150,0,3,0.0,-1
150,0,4,0.0,-1
150,0,5,0.0,-1
150,1,0,0.189,-1
150,1,1,0.0,-1
150,1,2,0.009,-1
150,1,3,0.06,-1
150,1,4,0.742,-1
150,1,5,0.0,-1
150,2,0,0.0,-1
150,2,1,0.0,-1
150,2,2,0.0,-1
150,2,3,0.0,-1
150,2,4,0.0,-1
150,2,5,0.0,-1
151,0,0,0.0,-1
151,0,1,0.0,-1
151,0,2,0.0,-1
151,0,3,0.0,-1
151,0,4,0.0,-1
151,0,5,0.0,-1
151,1,0,0.215,-1
151,1,1,0.0,-1
151,1,2,0.002,-1
151,1,3,0.11,-1
151,1,4,0.673,-1
151,1,5,0.0,-1
151,2,0,0.0,-1
151,2,1,0.0,-1
151,2,2,0.0,-1
151,2,3,0.0,-1
151,2,4,0.0,-1
151,2,5,0.0,-1
152,0,0,0.0,0.6333333333333333
152,0,1,0.0,0.6333333333333333
152,0,2,0.0,0.6333333333333333
152,0,3,0.0,0.6333333333333333
152,0,4,0.0,0.6333333333333333
152,0,5,0.0,0.6333333333333333
152,1,0,0.165,0.6333333333333333
152,1,1,0.0,0.6333333333333333
152,1,2,0.023,0.6333333333333333
152,1,3,0.166,0.6333333333333333
152,1,4,0.646,0.6333333333333333
152,1,5,0.0,0.6333333333333333
152,2,0,0.0,0.6333333333333333
152,2,1,0.0,0.6333333333333333
152,2,2,0.0,0.6333333333333333
152,2,3,0.0,0.6333333333333333
152,2,4,0.0,0.6333333333333333
152,2,5,0.0,0.6333333333333333
153,0,0,0.156,-1
153,0,1,0.0,-1
153,0,2,0.03,-1
153,0,3,0.172,-1
153,0,4,0.642,-1
153,0,5,0.0,-1
153,1,0,0.0,-1
153,1,1,0.0,-1
153,1,2,0.0,-1
153,1,3,0.0,-1
153,1,4,0.0,-1
153,1,5,0.0,-1
153,2,0,0.0,-1
153,2,1,0.0,-1
153,2,2,0.0,-1
153,2,3,0.0,-1
153,2,4,0.0,-1
153,2,5,0.0,-1
154,0,0,0.153,-1
154,0,1,0.0,-1
154,0,2,0.031,-1
154,0,3,0.148,-1
154,0,4,0.668,-1
154,0,5,0.0,-1
154,1,0,0.0,-1
154,1,1,0.0,-1
154,1,2,0.0,-1
154,1,3,0.0,-1
154,1,4,0.0,-1
154,1,5,0.0,-1
154,2,0,0.0,-1
154,2,1,0.0,-1
154,2,2,0.0,-1
154,2,3,0.0,-1
154,2,4,0.0,-1
154,2,5,0.0,-1
155,0,0,0.107,-1
155,0,1,0.0,-1
155,0,2,0.071,-1
155,0,3,0.007,-1
155,0,4,0.664,-1
155,0,5,0.151,-1
155,1,0,0.0,-1
155,1,1,0.0,-1
155,1,2,0.0,-1
155,1,3,0.0,-1
155,1,4,0.0,-1
155,1,5,0.0,-1
155,2,0,0.0,-1
155,2,1,0.0,-1
155,2,2,0.0,-1
155,2,3,0.0,-1
155,2,4,0.0,-1
155,2,5,0.0,-1
156,0,0,0.102,-1
156,0,1,0.028,-1
156,0,2,0.109,-1
156,0,3,0.002,-1
156,0,4,0.554,-1
156,0,5,0.205,-1
156,1,0,0.0,-1
156,1,1,0.0,-1
156,1,2,0.0,-1
156,1,3,0.0,-1
156,1,4,0.0,-1
156,1,5,0.0,-1
156,2,0,0.0,-1
156,2,1,0.0,-1
156,2,2,0.0,-1
156,2,3,0.0,-1
156,2,4,0.0,-1
156,2,5,0.0,-1
157,0,0,0.289,-1
157,0,1,0.07,-1
157,0,2,0.088,-1
157,0,3,0.001,-1
157,0,4,0.327,-1
157,0,5,0.225,-1
157,1,0,0.0,-1
157,1,1,0.0,-1
157,1,2,0.0,-1
157,1,3,0.0,-1
157,1,4,0.0,-1
157,1,5,0.0,-1
157,2,0,0.0,-1
157,2,1,0.0,-1
157,2,2,0.0,-1
157,2,3,0.0,-1
157,2,4,0.0,-1
157,2,5,0.0,-1
158,0,0,0.305,-1
158,0,1,0.047,-1
158,0,2,0.091,-1
158,0,3,0.002,-1
158,0,4,0.352,-1
158,0,5,0.203,-1
158,1,0,0.0,-1
158,1,1,0.0,-1
158,1,2,0.0,-1
158,1,3,0.0,-1
158,1,4,0.0,-1
158,1,5,0.0,-1
158,2,0,0.0,-1
158,2,1,0.0,-1
158,2,2,0.0,-1
158,2,3,0.0,-1
158,2,4,0.0,-1
158,2,5,0.0,-1
159,0,0,0.008,-1
159,0,1,0.363,-1
159,0,2,0.185,-1
159,0,3,0.0,-1
159,0,4,0.014,-1
159,0,5,0.43,-1
159,1,0,0.0,-1
159,1,1,0.0,-1
159,1,2,0.0,-1
159,1,3,0.0,-1
159,1,4,0.0,-1
159,1,5,0.0,-1
159,2,0,0.0,-1
159,2,1,0.0,-1
159,2,2,0.0,-1
159,2,3,0.0,-1
159,2,4,0.0,-1
159,2,5,0.0,-1
160,0,0,0.219,-1
160,0,1,0.034,-1
160,0,2,0.073,-1
160,0,3,0.008,-1
160,0,4,0.312,-1
160,0,5,0.354,-1
160,1,0,0.0,-1
160,1,1,0.0,-1
160,1,2,0.0,-1
160,1,3,0.0,-1
160,1,4,0.0,-1
160,1,5,0.0,-1
160,2,0,0.0,-1
160,2,1,0.0,-1
160,2,2,0.0,-1
160,2,3,0.0,-1
160,2,4,0.0,-1
160,2,5,0.0,-1
161,0,0,0.215,-1
161,0,1,0.0,-1
161,0,2,0.022,-1
161,0,3,0.025,-1
161,0,4,0.703,-1
161,0,5,0.035,-1
161,1,0,0.0,-1
161,1,1,0.0,-1
161,1,2,0.0,-1
161,1,3,0.0,-1
161,1,4,0.0,-1
161,1,5,0.0,-1
161,2,0,0.0,-1
161,2,1,0.0,-1
161,2,2,0.0,-1
161,2,3,0.0,-1
161,2,4,0.0,-1
161,2,5,0.0,-1
162,0,0,0.087,-1
162,0,1,0.0,-1
162,0,2,0.092,-1
162,0,3,0.0,-1
162,0,4,0.742,-1
162,0,5,0.079,-1
162,1,0,0.0,-1
162,1,1,0.0,-1
162,1,2,0.0,-1
162,1,3,0.0,-1
162,1,4,0.0,-1
162,1,5,0.0,-1
162,2,0,0.0,-1
162,2,1,0.0,-1
162,2,2,0.0,-1
162,2,3,0.0,-1
162,2,4,0.0,-1
162,2,5,0.0,-1
163,0,0,0.152,-1
163,0,1,0.0,-1
163,0,2,0.065,-1
163,0,3,0.001,-1
163,0,4,0.696,-1
163,0,5,0.086,-1
163,1,0,0.0,-1
163,1,1,0.0,-1
163,1,2,0.0,-1
163,1,3,0.0,-1
163,1,4,0.0,-1
163,1,5,0.0,-1
163,2,0,0.0,-1
163,2,1,0.0,-1
163,2,2,0.0,-1
163,2,3,0.0,-1
163,2,4,0.0,-1
163,2,5,0.0,-1
164,0,0,0.423,-1
164,0,1,0.01,-1
164,0,2,0.004,-1
164,0,3,0.016,-1
164,0,4,0.457,-1
164,0,5,0.09,-1
164,1,0,0.0,-1
164,1,1,0.0,-1
164,1,2,0.0,-1
164,1,3,0.0,-1
164,1,4,0.0,-1
164,1,5,0.0,-1
164,2,0,0.0,-1
164,2,1,0.0,-1
164,2,2,0.0,-1
164,2,3,0.0,-1
164,2,4,0.0,-1
164,2,5,0.0,-1
165,0,0,0.326,-1
165,0,1,0.0,-1
165,0,2,0.0,-1
165,0,3,0.026,-1
165,0,4,0.594,-1
165,0,5,0.054,-1
165,1,0,0.0,-1
165,1,1,0.0,-1
165,1,2,0.0,-1
165,1,3,0.0,-1
165,1,4,0.0,-1
165,1,5,0.0,-1
165,2,0,0.0,-1
165,2,1,0.0,-1
165,2,2,0.0,-1
165,2,3,0.0,-1
165,2,4,0.0,-1
165,2,5,0.0,-1
166,0,0,0.384,-1
166,0,1,0.0,-1
166,0,2,0.0,-1
166,0,3,0.029,-1
166,0,4,0.53,-1
166,0,5,0.057,-1
166,1,0,0.0,-1
166,1,1,0.0,-1
166,1,2,0.0,-1
166,1,3,0.0,-1
166,1,4,0.0,-1
166,1,5,0.0,-1
166,2,0,0.0,-1
166,2,1,0.0,-1
166,2,2,0.0,-1
166,2,3,0.0,-1
166,2,4,0.0,-1
166,2,5,0.0,-1
167,0,0,0.392,-1
167,0,1,0.0,-1
167,0,2,0.0,-1
167,0,3,0.015,-1
167,0,4,0.518,-1
167,0,5,0.075,-1
167,1,0,0.0,-1
167,1,1,0.0,-1
167,1,2,0.0,-1
167,1,3,0.0,-1
167,1,4,0.0,-1
167,1,5,0.0,-1
167,2,0,0.0,-1
167,2,1,0.0,-1
167,2,2,0.0,-1
167,2,3,0.0,-1
167,2,4,0.0,-1
167,2,5,0.0,-1
168,0,0,0.303,-1
168,0,1,0.113,-1
168,0,2,0.002,-1
168,0,3,0.002,-1
168,0,4,0.376,-1
168,0,5,0.204,-1
168,1,0,0.0,-1
168,1,1,0.0,-1
168,1,2,0.0,-1
168,1,3,0.0,-1
168,1,4,0.0,-1
168,1,5,0.0,-1
168,2,0,0.0,-1
168,2,1,0.0,-1
168,2,2,0.0,-1
168,2,3,0.0,-1
168,2,4,0.0,-1
168,2,5,0.0,-1
169,0,0,0.247,-1
169,0,1,0.583,-1
169,0,2,0.003,-1
169,0,3,0.0,-1
169,0,4,0.0,-1
169,0,5,0.167,-1
169,1,0,0.0,-1
169,1,1,0.0,-1
169,1,2,0.0,-1
169,1,3,0.0,-1
169,1,4,0.0,-1
169,1,5,0.0,-1
169,2,0,0.0,-1
169,2,1,0.0,-1
169,2,2,0.0,-1
169,2,3,0.0,-1
169,2,4,0.0,-1
169,2,5,0.0,-1
